-20.9801
-20.9052308563
-20.8658618816
-20.8494759699
-20.7696026814
-20.6476016672
-20.5848933077
-20.5669153688
-20.5317529454
-20.4893539051
-20.4414780432
-20.3705292769
-20.3249137602
-20.2931667182
-20.3127045573
-20.293451746
-20.2750877456
-20.2474344967
-20.2450991477
-20.2411865584
-20.2665476782
-20.2106775777
-20.2111910309
-20.1427743194
-20.1674647462
-20.1793140857
-20.1644638506
-20.1289671258
-20.1565074814
-20.1032904312
-20.1225365421
-20.0618184809
-20.0381329582
-20.0628397848
-20.0856789929
-20.0379970533
-20.0730088098
-19.9963597274
-19.9782566538
-19.9906200925
-19.963355321
-19.9479285586
-19.9514615327
-19.9662074731
-19.9319522461
-19.9966905506
-19.9962576141
-19.9585692531
-19.9641718817
-19.9960554686
-19.9862338115
-19.9951402893
-19.9673517872
-19.9589371609
-19.8868495121
-19.9056509407
-19.9140793246
-19.9407390808
-19.8885590729
-19.8985345847
-19.8510316973
-19.8541101349
-19.8499939977
-19.8560840635
-19.8689859721
-19.8126888321
-19.7273764724
-19.6488208821
-19.6745195301
-19.5998343012
-19.5989096845
-19.6369679028
-19.6624530244
-19.7422808814
-19.7199216083
-19.6419410196
-19.6765757203
-19.641584838
-19.6669184725
-19.6235045077
-19.5263759317
-19.5622441894
-19.6520419957
-19.658136244
-19.6817046595
-19.692742046
-19.701356645
-19.6716720037
-19.6668423765
-19.6314292188
-19.6850202926
-19.6475691366
-19.738248422
-19.7430066105
-19.7285193903
-19.7347873701
-19.7503435405
-19.6766736602
-19.6707739786
-19.6256470286
-19.5650428454
-19.4821494917
-19.5606696143
-19.5844360197
-19.6522185746
-19.636353088
-19.6160719116
-19.6139789381
-19.6230392127
-19.6030377709
-19.5562227853
-19.5898164858
-19.6191644959
-19.6540273561
-19.6206112246
-19.6392879177
-19.606513594
-19.6350238438
-19.5655696377
-19.6263996537
-19.6347188412
-19.6501090683
-19.6529973202
-19.6466924736
-19.6422153673
-19.6384691744
-19.626238849
-19.6616947782
-19.6279309151
-19.5857593166
-19.6062338132
-19.6033424203
-19.6036030351
-19.5372389652
-19.5246826381
-19.5017893074
-19.5108753242
-19.4921897147
-19.5503474909
-19.5726534839
-19.5182490212
-19.5180807939
-19.526476577
-19.5064182565
-19.4777712352
-19.4435209686
-19.4406193919
-19.4382632702
-19.4360393766
-19.4523828472
-19.3328208163
-19.262190956
-19.2665354953
-19.2510334364
-19.2202691009
-19.1021637765
-19.1581285602
-19.1434706601
-19.1109313462
-19.0905301045
-19.1669006789
-19.1500791822
-19.1237152236
-19.0748077958
-19.1448354056
-19.1511603229
-19.1087572946
-19.1280495212
-19.1056443261
-19.0075985661
-19.0275339229
-19.0619107706
-19.0853346424
-19.1448359759
-19.1583996021
-19.0763842261
-19.0567849042
-19.1457220708
-19.1415864019
-19.0992545168
-19.0818893912
-19.0256208145
-19.0991742475
-19.0706639246
-18.9774163804
-18.9683383298
-19.0191363607
-18.9975939356
-18.9875492716
-18.9732681912
-18.9449665084
-18.8896746426
-18.8913863568
-18.8825694839
-18.8827467641
-18.9025094419
-18.8750620222
-18.9052777664
-18.9417106431
-18.858409894
-18.8914485359
-18.8816426365
-18.870279204
-18.9210184577
-18.9759587419
-18.9707662573
-18.9357179748
-18.8877672129
-18.8304687642
-18.7794198296
-18.7903355385
-18.8103861017
-18.8354993121
-18.7916468981
-18.8981903702
-18.8514356596
-18.8647823601
-18.9074007992
-18.8982863343
-18.8896820591
-18.8890153619
-18.9002942428
-18.8730120869
-18.8577769951
-18.8318010611
-18.8124190378
-18.8481395195
-18.8706316737
-18.9582409006
-18.9633456046
-18.9108280233
-18.8710162215
-18.9613915848
-18.8791573695
-18.8637732381
-18.8946063567
-18.8672191308
-18.8613537419
-18.740935175
-18.7661360218
-18.810558274
-18.6850121629
-18.7260991508
-18.6691536024
-18.6828294091
-18.6650209608
-18.7082097026
-18.7736019673
-18.7848549106
-18.7771883661
-18.7040515327
-18.6843205169
-18.7042168585
-18.7400901442
-18.7269880375
-18.7227182253
-18.7479830441
-18.6952986494
-18.6942033656
-18.7217212213
-18.7103841766
-18.6725343178
-18.5980406873
-18.5653484861
-18.5783601536
-18.5772053189
-18.5424819909
-18.5371400314
-18.5345928844
-18.5024038458
-18.5214573324
-18.6248978325
-18.6994162464
-18.7864091918
-18.814621485
-18.7265686446
-18.7054425069
-18.7126785533
-18.675661405
-18.6566254438
-18.7095446669
-18.683473002
-18.589289228
-18.465070416
-18.4887360389
-18.5271541996
-18.5423966228
-18.4815955922
-18.4259529799
-18.3761718111
-18.4252408647
-18.4122005007
-18.439585753
-18.4862162999
-18.5452654058
-18.4920771748
-18.454156477
-18.4959043743
-18.5517913405
-18.5485015903
-18.4238133743
-18.4594041248
-18.4578631954
-18.4719380169
-18.4250964774
-18.4235747039
-18.4307150309
-18.388991095
-18.3423128368
-18.3761972242
-18.4244213596
-18.4714056311
-18.4737411716
-18.4868443881
-18.4984376741
-18.5456389881
-18.5147137886
-18.588729265
-18.4342842998
-18.4584029086
-18.4641686088
-18.5344388671
-18.5378328646
-18.4594328705
-18.3759028334
-18.4644792361
-18.4200498715
-18.3799747539
-18.3715255413
-18.4808366294
-18.4636077116
-18.4171566808
-18.3579771938
-18.2646257575
-18.2772942145
-18.1863023141
-18.2254038022
-18.1567339474
-18.1109761229
-18.1444408983
-18.1979209035
-18.226188514
-18.3300603916
-18.3553066667
-18.3616825452
-18.3945582133
-18.3176264442
-18.3445524858
-18.3592881899
-18.4086475334
-18.3663874195
-18.5207489397
-18.5458430795
-18.5130770754
-18.4530736013
-18.496994479
-18.4697726553
-18.484714249
-18.6008827232
-18.5755199335
-18.5492914293
-18.4317220967
-18.4120373775
-18.4971030689
-18.5339406917
-18.6155945113
-18.651290622
-18.6535883151
-18.7055333602
-18.6670322545
-18.7198130866
-18.6789448999
-18.5853131987
-18.4906876882
-18.5110679606
-18.4590980791
-18.4834287566
-18.4396074498
-18.3784681061
-18.3619089733
-18.4014154022
-18.4377296339
-18.4448080945
-18.4097832069
-18.3110240635
-18.3579912515
-18.2854321976
-18.3618846732
-18.3490084848
-18.3349624943
-18.3791324248
-18.4580899656
-18.4332034085
-18.4142611108
-18.3935761994
-18.4125538545
-18.3368360502
-18.4380938244
-18.4423067344
-18.3492904576
-18.2981837163
-18.2614024017
-18.2574191371
-18.301411489
-18.3295112615
-18.3722739875
-18.2610727467
-18.29254074
-18.2646633716
-18.2679213684
-18.2466110486
-18.221995006
-18.2122141571
-18.2200998958
-18.274969219
-18.2874077001
-18.3485085194
-18.3140143453
-18.2279565892
-18.2545892437
-18.165237336
-18.2548348424
-18.3357056222
-18.3166885247
-18.331763288
-18.3465700649
-18.4377601455
-18.3553459278
-18.4095939956
-18.3910873567
-18.4339887787
-18.4484075764
-18.4452330652
-18.3254606475
-18.2783257024
-18.2903692313
-18.2924201979
-18.2692167787
-18.3107610231
-18.3865831502
-18.3486860689
-18.421922389
-18.3827438626
-18.4029759441
-18.3061028257
-18.2956626272
-18.3441513338
-18.2917596783
-18.2549377752
-18.1569536385
-18.1903735948
-18.3136247747
-18.3399675605
-18.2892949972
-18.2603161978
-18.2842720256
-18.2689946937
-18.2413261678
-18.2644492927
-18.1839139651
-18.1267449618
-18.1929461684
-18.2245332485
-18.2324123798
-18.2195159984
-18.2269215604
-18.2073330359
-18.0818406961
-18.1116627604
-18.1005343709
-18.1100573436
-18.158233349
-18.2460445288
-18.3390710071
-18.2945523833
-18.2575660185
-18.3467061853
-18.3426677771
-18.2429104407
-18.2972021786
-18.2881633521
-18.3822796151
-18.4254840838
-18.3966765547
-18.3751678547
-18.4158796109
-18.3952240366
-18.3306017558
-18.384425531
-18.3764213746
-18.3988584054
-18.4203085444
-18.483435182
-18.4690922063
-18.4734119863
-18.4374294008
-18.4153190035
-18.3766505801
-18.3692579709
-18.2851682807
-18.3351189561
-18.3064104223
-18.3524661414
-18.3101372801
-18.2343652959
-18.2506593179
-18.2002748814
-18.2020705273
-18.1340677176
-18.1399012362
-18.1662241313
-18.2098136182
-18.1595116903
-18.0903631395
-18.0628156585
-18.1111259524
-18.0942025555
-18.1119281243
-18.035102014
-17.9764682274
-18.0297381141
-18.132782574
-18.1667045784
-18.1523543923
-18.1676904044
-18.0915050114
-18.0163524265
-18.0144044872
-18.1284432811
-18.1437778469
-18.1785913866
-18.2279974269
-18.2621397662
-18.2366059395
-18.1833271253
-18.1055912932
-18.0750087502
-18.0095140192
-17.9731127923
-18.0041394495
-17.9648537709
-17.9808998385
-17.9615973248
-17.9652771221
-18.0239818948
-18.0785799234
-18.1078059438
-18.0679144051
-18.0891948666
-18.0707642008
-18.1111613323
-18.1369481622
-18.1700835367
-18.1625683188
-18.0605268371
-17.9871004834
-18.0667679476
-18.0801759322
-18.0529811536
-17.9421505685
-17.9599473718
-17.9362254567
-17.9013731672
-17.8832118975
-17.9415040739
-17.9380580736
-17.9241613727
-17.7782003837
-17.7539379538
-17.805406526
-17.7852128072
-17.8518682361
-17.8981248607
-17.8502780574
-17.9411612379
-17.794677828
-17.7756409162
-17.9003928367
-17.9217377261
-17.9485299022
-17.988879153
-18.0411835741
-18.0691824544
-18.1226142477
-18.1308600922
-18.0723016879
-18.1057206413
-18.0775504754
-18.1555708578
-18.1708799376
-18.0268186212
-18.0533864442
-18.0498275071
-18.1032081786
-18.0152116616
-18.0830486067
-18.1524784437
-18.1651068217
-18.1909460051
-18.2018145424
-18.173725995
-18.1187877096
-18.125581586
-18.0303289527
-17.9310503041
-17.9847171006
-17.9952454324
-18.0813306141
-18.0648691873
-18.0509802679
-18.0082505207
-18.0759787644
-18.0658030753
-18.0770026155
-18.0759953229
-18.0805493199
-18.073144419
-18.1435979744
-18.06488834
-18.0206231726
-17.8644911808
-17.9042962826
-17.8635910512
-17.963128395
-17.9019736246
-17.9680323867
-17.9522692518
-17.7558415575
-17.742193345
-17.7971333447
-17.9211638685
-17.9678255219
-17.9629802298
-17.9553804267
-17.9898438086
-17.978694488
-18.0380005416
-18.0257585803
-17.9652669062
-17.9877173814
-17.9800448461
-18.0694011666
-18.081969346
-17.9864734022
-17.959029684
-17.8669600392
-17.8215649961
-17.9163545771
-17.9925014085
-17.9747655122
-18.0451914989
-17.8554704983
-17.7040877107
-17.5763125426
-17.5120163071
-17.4146862631
-17.3736622527
-17.3835134678
-17.4900169243
-17.5303478524
-17.6308497387
-17.7125597532
-17.7880631712
-17.8349408809
-17.8894501057
-17.9109727417
-17.8320466131
-17.8929155474
-17.9027558408
-17.9113707712
-17.8628566434
-17.8767224327
-17.8396794257
-17.7807439781
-17.8433226873
-17.7531808827
-17.7846576162
-17.7796017122
-17.9221378312
-17.9877049332
-18.0459437682
-17.9842643516
-18.0815923972
-18.0935091398
-18.1057055746
-18.1028341466
-18.0265854639
-17.9660146265
-17.8539423404
-17.9067335029
-17.9376632099
-17.9848569528
-17.9588953442
-17.8387905599
-17.8079980182
-17.8749749046
-17.8135865005
-17.8318962301
-17.8663140975
-17.8659233199
-17.8138325895
-17.8984288505
-17.7668737055
-17.7333946015
-17.7490595271
-17.6978163358
-17.7070317039
-17.6600896758
-17.4733532553
-17.4655065859
-17.4105433649
-17.3526282546
-17.2813405976
-17.3893054887
-17.3908159254
-17.2975232876
-17.2699626622
-17.3312201395
-17.4327400896
-17.4208833754
-17.5633205109
-17.5578035117
-17.5319826908
-17.4439222911
-17.4688275435
-17.5595936665
-17.5669190713
-17.6930953365
-17.6469265982
-17.4624472004
-17.4258037306
-17.267291741
-17.3154039925
-17.3572289248
-17.4280253775
-17.414215059
-17.5677420281
-17.5915977907
-17.5066567825
-17.4386345144
-17.4559941365
-17.5199993572
-17.5469626365
-17.6376278157
-17.5958010542
-17.538073855
-17.533080614
-17.6174333867
-17.5771389168
-17.6287243726
-17.5472317949
-17.6316250165
-17.6681789832
-17.7764994388
-17.8457407749
-17.8289605937
-17.7872681859
-17.8064349303
-17.6786529479
-17.7685891254
-17.7614923855
-17.7055898626
-17.6562980027
-17.6602480278
-17.6632361619
-17.5891694003
-17.6690907954
-17.6447941123
-17.5521073684
-17.4879079767
-17.3736761774
-17.3568714661
-17.3205751109
-17.3394533993
-17.1481655069
-17.1392047115
-17.1277151196
-17.1536573364
-17.1194379303
-16.9469699492
-16.972831398
-16.9887870285
-16.8743528416
-16.8185054199
-16.96033677
-17.031710491
-17.0956176751
-17.0407085234
-17.0575059161
-17.0906456082
-17.0885922271
-17.0979265422
-17.1937726665
-17.2229403652
-17.0043182077
-17.128551702
-17.1995757075
-17.3429900003
-17.3975366492
-17.4738062598
-17.6111817288
-17.6562465974
-17.6625126548
-17.674273937
-17.7069991692
-17.6026256713
-17.5354325407
-17.370088964
-17.2410160476
-17.2574829199
-17.1834916417
-17.110978936
-17.1370560525
-17.0778014678
-17.0330029287
-16.9831058462
-17.0023275236
-16.8758447828
-16.8783285104
-16.9214629611
-16.7935555243
-16.6787638807
-16.6431694107
-16.5610579966
-16.4377408683
-16.4539995183
-16.5360088741
-16.5770739742
-16.549388248
-16.5353001256
-16.5694130543
-16.6847324354
-16.6458727428
-16.6173299994
-16.6541113853
-16.6846933535
-16.6950519474
-16.7325758437
-16.6608010317
-16.7251657414
-16.7238846566
-16.7696815289
-16.7421486542
-16.7681819859
-16.7685301193
-16.92364884
-16.9418473555
-17.0421716905
-17.0739903004
-17.0337978851
-16.8850555358
-16.8278291321
-16.7249358965
-16.7319346326
-16.7827637742
-16.6718871128
-16.7824376453
-16.8108819764
-16.7932189313
-16.7453810398
-16.7473724222
-16.8109168621
-16.8100578661
-16.9122351813
-16.9312699268
-17.0052496407
-16.8068459858
-16.6905560128
-16.6502927339
-16.6668109895
-16.7757533374
-16.6938065331
-16.6236150937
-16.612699465
-16.6696616457
-16.758616779
-16.7499172682
-16.9066002716
-16.8583467335
-16.7272693172
-16.7573429852
-16.5628348927
-16.5637751847
-16.5873540925
-16.6561906899
-16.6210955901
-16.5637696387
-16.5335308106
-16.4811460923
-16.4667056551
-16.517777977
-16.5964493302
-16.6826185058
-16.7821590359
-16.7770231
-16.7042272377
-16.774231956
-16.7783597411
-16.692436132
-16.5769914856
-16.6457915773
-16.7822256485
-16.8112260448
-16.6674120672
-16.5363438911
-16.5510458459
-16.4583949217
-16.4245966658
-16.5255526392
-16.4890442653
-16.4641678012
-16.535196199
-16.3983970239
-16.5512243734
-16.5582938229
-16.5423091633
-16.4406845461
-16.5225725016
-16.5010445199
-16.4211216941
-16.3238376131
-16.3013645461
-16.350149644
-16.4407670634
-16.5601817959
-16.5402164289
-16.658531429
-16.7030112896
-16.694736518
-16.7247717626
-16.754611092
-16.7468942294
-16.7552352265
-16.7211929436
-16.785678844
-16.7700637628
-16.7933890914
-16.6882197466
-16.7081113027
-16.8707471455
-16.7199565529
-16.6674471278
-16.6305108994
-16.531594599
-16.4044712191
-16.4825749517
-16.5227941415
-16.4724087379
-16.5238319939
-16.4916468988
-16.5105613003
-16.4858654217
-16.4893767798
-16.5468264555
-16.396477455
-16.4546405232
-16.4079892913
-16.341623896
-16.2435547718
-16.2296269146
-16.2091903401
-16.3260043271
-16.3049816657
-16.360689144
-16.3503943075
-16.3723663865
-16.4348474764
-16.3990549071
-16.4828474432
-16.5048525148
-16.486858931
-16.4419792246
-16.3046201524
-16.1711690768
-16.2248653373
-16.2012129176
-16.1830970941
-16.1962669596
-16.101974077
-16.1557392935
-16.1438867006
-16.2067788876
-16.1662560327
-16.2640286231
-16.2387489524
-16.2442817966
-16.2676888872
-16.3978337175
-16.2330772257
-16.2014797683
-16.1605434961
-16.077953786
-16.2222405834
-16.404125442
-16.3628793668
-16.3849672011
-16.3885001974
-16.4290318593
-16.3699904966
-16.364548567
-16.3974469482
-16.2299903917
-16.3526960857
-16.461774944
-16.3409073887
-16.2394284331
-16.3396319763
-16.2673923286
-16.2784472448
-16.4356768355
-16.4654964244
-16.5453468923
-16.4853651747
-16.5730474619
-16.4880430999
-16.4216753214
-16.3172885294
-16.2895609026
-16.2419871678
-16.1358859515
-16.2180615159
-16.179017939
-16.2477193746
-16.1804998644
-16.1943998624
-16.1776035589
-16.1302889463
-16.0885116624
-16.0839712102
-16.112257778
-16.1587965785
-16.1632430278
-16.2237769025
-16.1720210272
-16.231988512
-16.2392266137
-16.1679815319
-16.1115536691
-16.2147465483
-16.1564431743
-16.2958494643
-16.3412833429
-16.3096909113
-16.2296380623
-16.1797714887
-16.1714778774
-16.1555240329
-16.0999903195
-16.0954422797
-16.1910637159
-16.3058729718
-16.4088645472
-16.3502579577
-16.3267238196
-16.2663503818
-16.361866147
-16.4057610387
-16.4625120848
-16.6300085114
-16.610508767
-16.5403826876
-16.4852250209
-16.4807593048
-16.5081000318
-16.5846777127
-16.3183186078
-16.2723302946
-16.3048313624
-16.2045320647
-16.2448787128
-16.2733217294
-16.190116342
-16.2949510352
-16.3912450998
-16.3348975592
-16.2600933004
-16.2944453045
-16.3092555693
-16.2821619935
-16.3433080195
-16.4209993388
-16.3337778555
-16.2756118184
-16.1092984657
-16.0707694375
-16.0107539942
-15.876886902
-15.8960455654
-16.0107000142
-15.9251237349
-15.9618830353
-15.9087914019
-15.8435325286
-15.9729631294
-16.0719449297
-16.2435910995
-16.363728906
-16.3542651193
-16.3560344331
-16.4350167851
-16.3625321609
-16.3924287313
-16.2590782301
-16.2623827892
-16.2372115263
-16.1605420014
-16.1650953173
-16.0974311519
-16.029257287
-15.9842753386
-15.9302461449
-15.8037543764
-15.9106466872
-16.1206215695
-16.0770847385
-16.0910190424
-16.1232021419
-16.2353826727
-16.1842446647
-16.1486977315
-15.8482090846
-15.833892597
-15.774986126
-15.7383188091
-15.7440245862
-15.6441816686
-15.650842423
-15.7424490825
-15.8751043254
-15.8632851678
-15.8184463854
-15.7124021811
-15.7322856714
-15.8357043949
-15.7941617102
-15.9086024402
-16.0608069464
-16.0464579835
-16.0582985468
-16.005589754
-16.0763315332
-16.1543839093
-16.1190201152
-16.0882524776
-16.1428949118
-16.1293281398
-16.1772414481
-16.1212372526
-16.0489625544
-15.9976528806
-16.0231919466
-15.9929548582
-16.0056273727
-16.0423464836
-15.8552640271
-15.973836981
-15.9838431266
-15.9857558709
-15.936150382
-15.8554938256
-15.8206794689
-15.7572538146
-15.8273080442
-15.8457614898
-15.707957826
-15.6066386688
-15.51363469
-15.5633254369
-15.5690028025
-15.6381172784
-15.4420703724
-15.4393889534
-15.4426411747
-15.3533471146
-15.4526526111
-15.3636412019
-15.4212952728
-15.3450763169
-15.2601612067
-15.226141055
-15.1865247354
-15.3058606188
-15.2274399841
-15.2175651311
-15.2901602812
-15.3579482877
-15.4762488071
-15.4791617997
-15.5942995252
-15.6052980194
-15.5372522964
-15.5529250677
-15.4249079258
-15.464063573
-15.6224638851
-15.6595153709
-15.7197407427
-15.8031765805
-15.6694523962
-15.7586105819
-15.9767690214
-15.9534634458
-15.8966981514
-15.8747278484
-15.9288735872
-15.9287522003
-15.9259556133
-15.9547507483
-15.9130697513
-16.0044784913
-16.0222032988
-15.8184608753
-15.9788750415
-15.8193839305
-15.9451400062
-15.9405055182
-15.9872996049
-16.0735668248
-16.0756649357
-15.7759299054
-15.8517695823
-15.9864502026
-16.0353494868
-16.0148742511
-16.1447073258
-16.1494206364
-16.1271489871
-16.2419589743
-16.2016359699
-16.0381855436
-16.0166736101
-16.0934920804
-16.0724356318
-15.9535023007
-16.0636392804
-16.0314083103
-16.1565834687
-16.2445328515
-16.2760997522
-16.1847672676
-16.0919436126
-16.0920939161
-15.9881052803
-15.941204328
-15.6530793238
-15.6318196068
-15.756490336
-15.7294258346
-15.6624922788
-15.6575921948
-15.6841964456
-15.8296227034
-15.9425682894
-16.0038497745
-16.1121450843
-16.0565779899
-16.147644943
-16.1440224997
-16.0235203125
-16.0770310735
-16.1644805393
-16.0837977282
-15.9174059939
-15.9617426753
-15.8802746417
-15.8889717205
-15.9283283105
-16.0012206524
-15.907014462
-15.9527411586
-15.9453257076
-16.0937346194
-16.0252699401
-16.2232012183
-16.2238221212
-16.2767949774
-16.3979355157
-16.2411243378
-16.1872150381
-16.1730463725
-16.1597675104
-16.1332168161
-16.0042979129
-15.9103555592
-16.0008006692
-16.009753617
-15.8285247312
-15.7110033385
-15.6693416764
-15.575756335
-15.4856533981
-15.4201139612
-15.5548334456
-15.6100026653
-15.6541508013
-15.7451650456
-15.6076636732
-15.5026078389
-15.7326908585
-15.8161181487
-15.8486042941
-16.074730176
-16.0782677722
-16.1500329231
-16.115676364
-16.1509297103
-15.9266259372
-15.9491625031
-15.8300798204
-15.7537576487
-15.8245546021
-15.8134724136
-15.7467429092
-15.8116851085
-15.785949677
-15.9109477642
-15.9470356061
-15.8706836885
-15.8083677927
-15.827786605
-15.8775064198
-15.8424901317
-15.9431689803
-15.9961622497
-16.0064519657
-16.0362250943
-15.9754605337
-15.8732715024
-15.8685022185
-15.8040186244
-15.6193016783
-15.5989262043
-15.512158811
-15.3081806071
-15.3844882785
-15.2883427547
-15.3706869375
-15.4050952531
-15.4145324252
-15.323628611
-15.333197493
-15.4520454166
-15.5105729459
-15.4513608221
-15.3846152904
-15.4439507418
-15.2802109461
-15.2454737747
-15.282188104
-15.2269193306
-15.4143330754
-15.4415786528
-15.5123697101
-15.5756997405
-15.536660157
-15.7026323331
-15.8769305125
-15.9249177954
-15.951227309
-15.7411350625
-15.8234363413
-15.9553421399
-15.9470440314
-16.0317542083
-15.9754028123
-15.9124976032
-15.8345861795
-15.7843786192
-15.7596461085
-15.6441265186
-15.553078775
-15.3895794775
-15.3556556025
-15.2940739347
-15.4460823406
-15.4636302496
-15.4366546041
-15.2782162541
-15.2918105099
-15.2181642693
-15.3519150467
-15.3100448804
-15.2811069777
-15.3988897582
-15.368355247
-15.4577753648
-15.4170200636
-15.4066050237
-15.3994717306
-15.3232296121
-15.2890834056
-15.4357102664
-15.3968205504
-15.4291891578
-15.8389550316
-15.8195117769
-15.8353206702
-15.9380184213
-15.8393971546
-15.7815759843
-15.9042348242
-15.7955411113
-15.7779306931
-15.8280228538
-15.5977972389
-15.4943829324
-15.1904443036
-15.2210330799
-15.214493124
-15.3945373472
-15.2877948327
-15.3505180078
-15.4422958412
-15.5443573928
-15.5764665554
-15.4157560329
-15.4757410684
-15.5965828758
-15.498437338
-15.495309082
-15.4756444276
-15.5574958686
-15.6411289145
-15.5804064254
-15.3490686774
-15.5043419744
-15.4534585619
-15.4645142952
-15.5849959395
-15.6970875856
-15.8107748648
-15.6922099535
-15.7419267685
-15.7310281027
-15.7526391511
-15.7839980404
-15.7950316288
-15.6760463159
-15.6895799319
-15.7638238056
-15.6326274904
-15.5995494491
-15.5135523752
-15.5345879671
-15.4818613542
-15.5910725768
-15.6588633767
-15.5601804188
-15.6111665807
-15.6122560978
-15.622756525
-15.715547877
-15.6865466188
-15.6578247412
-15.653274782
-15.5140821242
-15.4749199032
-15.5254968575
-15.411024473
-15.2584302441
-15.2256577184
-15.0797270945
-15.1038049849
-15.1794224481
-15.0935552255
-14.9538107164
-14.9749603004
-14.9009992919
-14.8895747344
-14.9897437722
-14.7890815334
-14.798116348
-14.9319974226
-15.1091243305
-15.1080280248
-15.0531069565
-15.0666887659
-15.1333687572
-15.0275282916
-15.0685040363
-15.1092950594
-15.1325931456
-15.1901563148
-15.1655395706
-15.0951275065
-14.9711796143
-14.9920767259
-15.0210522644
-14.9902961961
-14.9432675947
-14.8822755021
-14.7528611516
-14.8346391381
-14.7849391881
-14.8524837434
-14.7692185561
-14.8825329317
-15.0179614137
-15.0521551409
-15.1007074771
-15.0746809507
-15.0852405942
-15.1020384892
-15.0907292629
-15.1414391886
-15.1784045259
-15.1326161743
-15.0513681364
-15.1952558188
-15.2401046665
-15.267120473
-15.4915394053
-15.5983189031
-15.5961097348
-15.4438180359
-15.4059546565
-15.2032512003
-15.2824614124
-15.3171708431
-15.364182445
-15.3716573308
-15.3550620957
-15.2272461253
-15.1554243873
-15.2460631601
-15.2691895599
-15.2274473589
-15.0884054492
-15.1457385364
-15.0455809124
-14.9954739702
-15.0503139717
-15.1160998462
-15.1045211165
-15.1409134881
-14.9952457859
-15.1605072491
-14.9551850589
-14.8126071504
-14.7183184058
-14.7999279737
-14.7806083449
-14.9315005645
-14.735352014
-14.670997766
-14.6785140282
-14.8081788092
-14.7401505351
-14.6402623761
-14.7140072337
-14.6908216431
-14.7436384546
-14.8618535083
-14.9369660004
-15.0023436688
-14.9260644624
-14.9277470877
-15.0162523427
-14.9364938779
-14.7977327442
-14.8338227119
-14.9258099795
-14.9443912401
-14.9864472888
-15.1575591011
-15.410341944
-15.4264319488
-15.4497463593
-15.5589814314
-15.5134025983
-15.4256633159
-15.4703680954
-15.3174204803
-15.299058539
-15.4211839685
-15.2980594989
-15.1368110019
-15.2168231459
-15.1259262726
-15.0132849556
-14.5444868163
-14.6045447056
-14.6619417652
-14.6691787104
-14.7465146019
-14.6569036546
-14.8621822128
-14.9680040971
-14.7722608104
-14.8047617308
-14.9121388333
-15.0456360832
-15.0403996227
-15.0321240506
-14.8999813059
-14.9266912672
-15.0044392493
-15.2371029806
-15.1590786012
-14.9888596343
-14.9253470951
-14.7821861309
-14.7837751619
-14.7356797261
-14.9075196089
-15.0228512201
-15.0536350858
-15.2020690275
-15.175426592
-15.086169858
-15.1440852596
-14.96416717
-14.993742248
-15.0304554587
-14.9478590056
-15.0220409249
-14.9216578299
-15.0260219179
-15.0749401577
-15.288318424
-15.1910140269
-15.1609211346
-14.8401599126
-14.7988821303
-14.8770550742
-14.8591975474
-14.9436722361
-14.8685113072
-14.8237333449
-14.7879195422
-14.7675223297
-14.7154988947
-14.7403763662
-14.7304930719
-14.7356151926
-14.7988316455
-14.7924226427
-14.9197214145
-14.9187198453
-14.7389089139
-14.8782078436
-14.7221293319
-14.6765127463
-14.840340332
-14.7460655258
-14.7442676654
-14.7485020122
-14.7509587095
-14.8601767241
-14.8526953933
-14.7930050107
-14.7854781939
-14.9242745493
-14.6635181483
-14.7832496812
-14.7274133092
-14.5060127541
-14.650880606
-14.5224641252
-14.5351461216
-14.5603152011
-14.5371941575
-14.6995626808
-14.5371484835
-14.6600755768
-14.5010872166
-14.5495341275
-14.5233978383
-14.5225212759
-14.649167211
-14.731618016
-14.7350150377
-14.598115708
-14.5541907851
-14.609029169
-14.3037332135
-14.437358095
-14.4144806012
-14.4304869225
-14.438619758
-14.4152493243
-14.2733715507
-14.3450499118
-14.3920857147
-14.4357512344
-14.4916428707
-14.4985475301
-14.4765644716
-14.5827240725
-14.6847261299
-14.7921618554
-14.7482610393
-14.596216262
-14.6291691241
-14.6734139081
-14.7418722879
-14.7039032289
-14.730013016
-14.5810303758
-14.6566268881
-14.6686842357
-14.5870436312
-14.6397455821
-14.7815243277
-14.7990683922
-14.6765477493
-14.4962001139
-14.4479820907
-14.335749585
-14.5551035791
-14.6202117781
-14.651811151
-14.6825897347
-14.8086871675
-14.7287267436
-14.7448478219
-14.6686946046
-14.6202290457
-14.7034391698
-14.7579969338
-14.7338860198
-14.6525713978
-14.4380635451
-14.5415784398
-14.5830967511
-14.7309860033
-14.6669120154
-14.6315682374
-14.4759678534
-14.5378093239
-14.5312118584
-14.5782072145
-14.556846971
-14.7654874903
-14.7321783461
-14.7286599624
-14.6451797068
-14.640466968
-14.4997715362
-14.4974081878
-14.6413113812
-14.489252621
-14.4939999154
-14.2489349896
-14.2367647632
-14.2510539581
-14.438301086
-14.451208538
-14.4834589093
-14.6437244569
-14.8310822007
-14.7051461045
-14.6973821934
-14.6266525241
-14.3791550317
-14.5035667161
-14.4757968631
-14.3162565525
-14.4055606157
-14.4909897216
-14.2324306287
-14.0498766689
-14.1491871395
-14.2112659099
-14.4983404726
-14.5976089573
-14.6826735516
-14.6100040036
-14.6754583768
-14.6864471006
-14.6141395415
-14.7760814854
-14.7859477807
-14.7777610402
-14.6262955095
-14.6605247275
-14.5939437467
-14.457788115
-14.4511375917
-14.51764988
-14.547930796
-14.4976910602
-14.3926368959
-14.3319492282
-14.4408718509
-14.3235539145
-14.276177729
-14.2292569977
-14.2296795218
-14.235035875
-14.3204336919
-14.300682364
-14.1672144059
-14.1840797578
-14.2329712776
-14.2181318819
-14.1099173604
-14.1214152927
-14.2275700064
-14.3497282563
-14.1842828608
-14.158571071
-14.1164608918
-14.1274214158
-14.0459297269
-14.0197027566
-14.1055037021
-14.2648637634
-14.2689054157
-14.3391001466
-14.2744678783
-14.3900337775
-14.361707831
-14.2963806697
-14.5833226561
-14.6583911556
-14.5473982781
-14.5474855164
-14.5545038248
-14.5939061314
-14.5867734957
-14.5410832276
-14.4821642304
-14.6265189111
-14.6884554166
-14.7086399094
-14.5647430958
-14.5878368609
-14.4637731276
-14.4068512258
-14.4434657641
-14.4047160599
-14.4362595539
-14.4872074118
-14.6638173173
-14.7642495186
-14.87022941
-14.797622246
-14.7716652266
-14.8006442752
-14.8566245558
-14.7906707425
-14.6098916077
-14.587354798
-14.6431563759
-14.5149006772
-14.5766029388
-14.6500861926
-14.6201025086
-14.6104881369
-14.5723058591
-14.8344051419
-14.73199414
-14.6804382354
-14.6314150872
-14.5548485438
-14.6292223016
-14.4827915215
-14.6035185081
-14.6288572368
-14.6236471541
-14.4680398097
-14.5114777552
-14.3417377473
-14.2043346647
-14.3698691773
-14.6815001744
-14.6160844071
-14.5906489487
-14.5226998554
-14.565931115
-14.4851827988
-14.2652908923
-14.3357036908
-14.4847135921
-14.3341174941
-14.4025848687
-14.311000672
-14.3488291512
-14.3748770553
-14.0782072139
-14.065528307
-14.0508305045
-14.1291024428
-14.1227661333
-14.1582333465
-13.978730299
-13.8870060667
-13.9195407272
-13.9682395966
-13.9439230458
-13.9703767975
-13.8588986287
-14.0071147457
-14.0044418858
-13.8028819254
-13.8995419933
-13.7882688604
-13.8644140008
-14.1545252804
-14.2869942335
-14.2963236659
-14.2974314533
-14.2544443828
-14.2628693117
-14.2234217634
-14.1739840623
-14.1487355922
-14.1995961792
-14.240319572
-14.2739699812
-14.2364750989
-14.2453615016
-14.2285234231
-14.0815220614
-13.9667611815
-13.8797117607
-13.8762006678
-13.8935277391
-13.8681240149
-13.8642865031
-13.8845118696
-13.9880688677
-14.0976209575
-14.1627698083
-14.2728611785
-14.2466210476
-14.0809087742
-14.058389507
-14.0727306737
-14.2562485577
-14.1041603432
-14.160606801
-14.0984142283
-13.8476418644
-13.8192103464
-13.7666056351
-13.8477327447
-13.5698533102
-13.5898505146
-13.6340349683
-13.6497471446
-13.7317277337
-13.6396897705
-13.6660060224
-13.6523598276
-13.8562590506
-13.7717557235
-13.708031023
-13.8470548442
-13.8336976844
-13.760069848
-13.9070090573
-13.8792056655
-13.7567628477
-13.9593600249
-14.0800457305
-14.2165512901
-14.4018534903
-14.3703793985
-14.4903996791
-14.4345741462
-14.3030013162
-14.0778350765
-14.0411439382
-14.0357261605
-14.0686724217
-14.2023814497
-14.2560850927
-14.3721215927
-14.3419031324
-14.580612345
-14.6147614312
-14.5531635789
-14.4476342072
-14.5384152885
-14.3645419929
-14.217140005
-14.3142746449
-14.3281346165
-14.6394402549
-14.8580370806
-14.6582129724
-14.4584314606
-14.6438997408
-14.6275164385
-14.4771617448
-14.5183607934
-14.3672002148
-14.2857378405
-14.2493375021
-14.2713713255
-14.2676802515
-14.144613801
-14.0234951995
-13.9215808759
-13.9073230244
-13.8499096316
-13.9022622642
-13.9187387872
-13.746080853
-13.5893236982
-13.5181671327
-13.5797321391
-13.6858907476
-13.9430609382
-13.8918429993
-13.8847283629
-13.8911132592
-14.0827508136
-14.0450509103
-14.0083771504
-13.9899051963
-13.800904015
-13.839338408
-13.7192351814
-13.7771913632
-13.8940532661
-13.9298978384
-14.0261581254
-14.1748599297
-14.1202727156
-14.1401279767
-14.0196868043
-13.9515830344
-13.9335523668
-13.8022633204
-13.9179827232
-13.8892139052
-13.956505301
-13.950998044
-14.0229538501
-13.8671662958
-13.7933346638
-13.6772673376
-13.7101637007
-13.7387706053
-13.7754168163
-13.6183973392
-13.6359560573
-13.643469049
-13.5664839435
-13.4330317333
-13.6601511807
-13.6148729526
-13.9211354091
-13.9756490333
-14.0798118746
-14.1309748827
-13.8292116427
-13.7467927577
-13.8070813896
-13.7785108444
-13.7343940668
-13.8268318615
-13.6298225624
-13.6476801005
-13.7085209985
-13.9287412707
-13.8258471834
-13.977564881
-13.8156381328
-13.8764512598
-13.7726466081
-13.898297092
-13.9958542306
-13.7591053955
-13.5809452707
-13.6434778611
-13.7726480867
-13.6552421842
-13.572196481
-13.6313477643
-13.5563454761
-13.6518718828
-13.6481524298
-13.6528906729
-13.695462953
-13.6376123581
-13.5659394122
-13.5831042829
-13.5845247849
-13.8302057384
-13.7131710851
-13.7942790759
-13.9106909197
-14.0442188105
-14.1921672308
-14.1661573642
-13.9574687086
-13.8369948174
-13.8818284333
-13.6969590163
-13.6315732081
-13.5148596768
-13.5339431349
-13.4653952434
-13.4581047265
-13.4752912221
-13.4955197618
-13.4502973062
-13.4405137957
-13.6018437076
-13.4563444857
-13.5413960237
-13.6065802779
-13.3753679049
-13.4290354991
-13.5309030464
-13.4692608912
-13.5803439223
-13.6667417619
-13.7164576086
-13.8328008426
-13.8295694998
-13.6825749753
-13.5352264522
-13.5484780326
-13.6105825893
-13.4210862661
-13.4084093339
-13.4761460334
-13.4498761215
-13.2556873426
-13.3173771975
-13.3986098913
-13.3696315917
-13.472196023
-13.4772297476
-13.5516036614
-13.9782349358
-14.065503411
-13.9960933788
-14.1443798898
-14.1935165438
-14.1926212128
-14.1107281568
-14.2559453031
-14.2935823442
-14.2855055522
-14.2409963179
-14.4172239087
-14.3309118617
-14.4041069758
-14.4139411172
-14.5080405316
-14.4684416111
-14.2687549125
-13.9541489724
-13.8557585203
-13.8681746419
-13.7967210032
-13.7989996485
-13.7606587376
-13.8604344813
-13.9241219553
-13.8156823427
-13.9134966464
-13.9745290837
-14.241605093
-14.1275858784
-14.0460957073
-13.995999106
-13.9837253186
-14.0341002487
-13.9376317875
-14.0236288583
-13.8769877105
-13.7171857049
-13.7908863532
-13.7622551399
-13.7248183048
-13.7862578417
-13.7796995891
-13.496644214
-13.3702428864
-13.329306164
-13.4623559278
-13.1871166467
-13.314875824
-13.4264241643
-13.388095575
-13.2658090055
-13.1815855161
-13.2786145455
-13.2713469323
-13.1376190848
-13.249793522
-13.2439913891
-13.2609014612
-13.3098179325
-13.3928446897
-13.5206456726
-13.5112999306
-13.4978031112
-13.3421345626
-13.2671022424
-13.1819080372
-13.2181315774
-13.3338299312
-13.2149566515
-13.2314562511
-13.1013341379
-13.1240475008
-13.0420639822
-13.1160267256
-13.0103709216
-13.0200526249
-13.0462489673
-13.1383102489
-13.2541709592
-13.2572587057
-13.1938654827
-13.1743878558
-13.1266401374
-13.1914241065
-13.2431701144
-13.2278780532
-13.0733842955
-13.0545210232
-13.1333735724
-13.2346044161
-13.3080769853
-13.2930254684
-13.2930723581
-13.3954178776
-13.4542616574
-13.5758479282
-13.4597511632
-13.4549310505
-13.4118593959
-13.2697212854
-13.3690047508
-13.3637768148
-13.374735001
-13.2930022925
-13.4087781833
-13.3197522548
-13.2469206105
-13.2231425786
-12.996130477
-12.9657879883
-12.9435962704
-13.007641478
-13.0396055792
-13.1683843005
-13.3113586661
-13.055560722
-13.174417009
-13.103358035
-13.0271691667
-13.1134819866
-13.2377284374
-13.0200920325
-12.8865693626
-12.984141737
-13.1847413736
-13.2443768531
-13.2773381942
-13.0457786249
-12.9885827596
-12.942566868
-13.0892366563
-13.1444377192
-13.2148744224
-13.1582499114
-12.9093141906
-13.0699692933
-13.0262282293
-13.0033314928
-13.0175677
-12.9774085928
-13.1326785324
-13.1414217507
-13.0368999873
-13.0524690624
-13.0069471995
-13.0163635743
-12.9439290574
-13.0239049058
-13.0322583612
-13.1115752122
-13.004019203
-13.0304964229
-12.982285914
-12.8974681795
-13.0670140626
-12.8914161629
-12.9111890246
-12.8917398955
-13.0263861277
-12.9690728458
-13.0252277021
-12.8371527683
-12.8271249234
-12.9081546986
-12.8577674175
-12.7731628805
-12.9162556312
-13.0125001779
-13.0774739836
-13.0893293478
-13.1282716006
-13.1249137398
-13.2757025836
-13.1615902092
-13.2322283752
-13.2441894947
-13.2689297913
-13.3188421732
-13.020614026
-13.0076509966
-13.0536710982
-12.8597200034
-12.6990928166
-12.8183076166
-12.9245926442
-12.9717882443
-13.201272595
-12.9675513008
-12.8412378696
-12.504323589
-12.5276990562
-12.4974796127
-12.5631740604
-12.4884095119
-12.4716406998
-12.4681696723
-12.730272529
-12.6457079958
-12.8202847115
-12.678755594
-12.5980566333
-12.6698741532
-12.5890125719
-12.3909438683
-12.6509016287
-12.8226539201
-12.9469360524
-12.8655455064
-12.9171062103
-12.8581554716
-12.9573825985
-12.7072600273
-12.6988997844
-12.585169729
-12.6928120783
-12.8285611513
-12.7306387183
-12.7086250394
-12.6804233383
-12.7286057954
-12.8274858355
-12.8507140902
-12.8905698843
-12.930717294
-12.9858141196
-13.1279278156
-13.2163860457
-13.1167090314
-13.2396242905
-13.1300642133
-12.979144393
-12.8851209787
-12.9991072163
-12.8785409431
-12.966218233
-13.0950577286
-13.1406409523
-13.0704886374
-13.0059602179
-12.937575169
-12.942789902
-12.9334162203
-13.0830765187
-13.1425841954
-12.9727583937
-12.8091374806
-12.8508853159
-12.8206394571
-12.9239895187
-12.9298326311
-12.8094196287
-12.6250748222
-12.7798050631
-12.6822705302
-12.545810612
-12.6410264935
-12.618431934
-12.5419738484
-12.7440899782
-13.027270157
-13.0702244694
-13.0102981858
-13.0310052036
-13.1182500349
-13.214125711
-13.2141968762
-13.1797820668
-13.0134977183
-13.1391788316
-13.1604882618
-13.0724246816
-12.9487453122
-12.7629347115
-12.7575679626
-12.7891735066
-12.860010304
-12.9828040351
-12.9823773743
-12.8807639457
-12.6255568092
-12.501053875
-12.723936864
-13.2497804752
-13.5460058207
-13.4045171369
-13.3348217297
-13.2545311967
-13.2910124338
-13.2792457637
-13.4442860968
-13.2888762316
-13.375819707
-13.3228880946
-13.2665017496
-13.192323916
-13.3675118491
-13.5233640732
-13.250860985
-13.2057583534
-13.2554508509
-13.2062910685
-13.1603481662
-13.1337967529
-12.8520676084
-12.7824466893
-12.6506778694
-12.6906780948
-12.6005766724
-12.6625893864
-12.9450163151
-13.1716631449
-13.106701093
-13.0403808547
-12.9581736215
-12.9644267709
-12.9190507974
-12.762247564
-12.7916293526
-12.8771886821
-12.7833710928
-12.7427941244
-12.8028801399
-12.7801904021
-12.9945877038
-13.2112668121
-13.2396929988
-13.2431862265
-13.2364141283
-13.1588606279
-13.1409110105
-12.954039066
-12.9238529308
-12.871719891
-12.5889973561
-12.6133763343
-12.5341687943
-12.6172367192
-12.4390085856
-12.3792201194
-12.4237264601
-12.5581123815
-12.4685624034
-12.4200910093
-12.5154328707
-12.6393098261
-12.7225202067
-12.5058438469
-12.5822263228
-12.1825624084
-12.2641323942
-12.310183776
-12.121038658
-12.2170279526
-12.2722904064
-12.2567692758
-12.4552755723
-12.3633338525
-12.4239078939
-12.5653800933
-12.7035862087
-12.7303154779
-12.6424515857
-12.6951421841
-12.885822513
-12.9428003398
-13.0820994764
-13.1300388397
-12.8110018712
-12.9280102098
-13.1503507926
-12.8054302179
-12.9370311549
-12.9969013807
-12.9014696458
-12.9010029114
-13.0181755387
-12.9818809816
-12.796064744
-12.7311925322
-12.7163270736
-12.5747203707
-12.5651223453
-12.6260221955
-12.6315298189
-12.7731788556
-12.7303815211
-12.7815733548
-12.8314650415
-12.8688603873
-12.8440941224
-13.0429095427
-13.2215750379
-13.2944241286
-13.1749211276
-12.9491725848
-12.9344438727
-12.9678090209
-13.0646959971
-12.941625393
-12.9110454472
-12.9666528298
-12.9534699371
-12.9230045013
-12.8392097057
-12.8367046478
-12.8723700693
-12.6679937777
-12.5266172902
-12.471327678
-12.472186457
-12.4260275165
-12.5109941596
-12.5257476061
-12.5684219247
-12.4531765377
-12.5692822264
-12.6003395805
-12.4481849761
-12.6066421157
-12.7357292002
-12.3117454232
-12.2963336193
-12.3305917399
-12.2330101784
-12.3082259734
-12.1882752326
-12.1588418114
-12.2153569672
-12.3643866146
-12.3057083356
-12.4976801591
-12.3810283497
-12.4696519805
-12.4460779924
-12.5358346057
-12.5587381112
-12.4416408856
-12.2360562785
-12.4650363976
-12.2475850187
-12.3726839653
-12.2624717701
-12.2484150618
-12.0237690129
-12.0243826365
-12.1481381738
-12.0398772293
-11.971889517
-11.8611737738
-11.7403107274
-11.988378447
-11.8449086584
-11.9462442934
-11.8414840485
-11.8929080447
-11.7669813489
-11.8898908338
-11.9123472692
-11.9728826284
-11.9323528037
-12.1406122358
-12.0670249191
-11.925974034
-11.9406635441
-11.8109218398
-12.0041957846
-11.9959430631
-12.0033722175
-12.0168431242
-12.0628105972
-12.148702222
-11.9459740135
-11.8201143813
-12.000102601
-12.1266590159
-12.2236985819
-12.3339462252
-12.3173920013
-12.2003983646
-12.2958819068
-12.4876139067
-12.5734008339
-12.5847001898
-12.5557471307
-12.5457551562
-12.5660643027
-12.6324458324
-12.3625487657
-12.2307116749
-12.356556819
-12.3060861288
-12.3799640861
-12.2236386745
-12.2770971852
-12.4946163349
-12.6340464915
-12.8526157525
-12.7358226616
-12.6282796007
-12.500473629
-12.700934798
-12.5552794866
-12.5352499373
-12.4561147702
-12.4452882776
-12.5928943173
-12.65460266
-12.8284701793
-12.7790866027
-12.8367132815
-12.8502369719
-12.8391543378
-12.9231106968
-13.0682916074
-12.9909223457
-12.9135818358
-13.0295761392
-12.882226649
-13.0290941923
-12.8861997747
-12.7365526007
-12.7542171539
-12.586713109
-12.3509195619
-12.4844181363
-12.4723802841
-12.537540553
-12.7968812344
-12.7817426229
-12.7243442208
-12.610328176
-12.5797891156
-12.5636754196
-12.4353167029
-12.325815924
-12.3499428817
-12.1879848798
-12.051972597
-11.9665319533
-12.2964535798
-12.4196759247
-12.3425114396
-12.2712097297
-12.2495599216
-12.0988783915
-12.2053834355
-12.2323938525
-12.0289195388
-12.2022825144
-12.2776482005
-12.4241310384
-12.4672539838
-12.2422967399
-12.1886182996
-12.1318755632
-12.0057845666
-12.1203223463
-12.0076257481
-11.9514649814
-11.81183275
-11.9316176648
-12.1090416356
-11.9643155374
-11.9086255782
-11.7982266404
-11.7323981766
-11.648093816
-11.4061044828
-11.2981775482
-11.1197279626
-11.3470676691
-11.1191828435
-11.2201052539
-11.3913748879
-11.6126665918
-11.6585620575
-11.8782604841
-11.9489910109
-12.1504771117
-12.1764127854
-12.203706065
-12.2528430367
-12.3657756087
-12.6392966397
-12.6256402107
-12.3729970983
-12.3945899622
-12.1974052541
-12.2028208014
-12.3089111645
-12.1279101356
-11.9245829176
-11.8045833821
-11.7168858421
-11.6741806498
-11.27798294
-11.3863698895
-11.6242432798
-11.6512752215
-11.7998999007
-11.8600143726
-12.095986159
-11.9821299469
-11.9075947293
-12.0135036657
-12.3463590344
-12.248599331
-12.3492455646
-12.4644096541
-12.5287674978
-12.3545297261
-12.4714406012
