-20.0385461104
-20.0618663862
-20.0564467731
-20.1179300273
-20.1172177188
-20.1451195538
-20.1879252757
-20.2086742279
-20.2454203647
-20.288944982
-20.2695744889
-20.2822328402
-20.3224277326
-20.310704067
-20.3101128154
-20.3281329329
-20.3440333153
-20.302399139
-20.2920247759
-20.2913797353
-20.3014892172
-20.3012959679
-20.272603975
-20.3132372821
-20.3410508617
-20.3371620475
-20.3138635021
-20.3208496688
-20.272866083
-20.2852067394
-20.2877136889
-20.346593581
-20.3606451859
-20.3831455595
-20.3753443153
-20.3297573571
-20.3751994949
-20.3579658006
-20.3618966695
-20.3756427379
-20.3970089101
-20.35865345
-20.3336774938
-20.3498336521
-20.3433872889
-20.3680152998
-20.3222452789
-20.3778233321
-20.3803320264
-20.3348311204
-20.2748331472
-20.2598011711
-20.2835881061
-20.2745414712
-20.2685755465
-20.309787133
-20.3471542516
-20.3232809108
-20.3592645949
-20.3734478372
-20.3378626257
-20.3537060814
-20.3299709119
-20.3270513722
-20.3337314317
-20.3600552686
-20.3254382747
-20.3136458638
-20.3319047975
-20.3677248884
-20.3613777962
-20.3931355462
-20.3931164276
-20.3740696989
-20.424599202
-20.4220608193
-20.3806589286
-20.3834584163
-20.3946557628
-20.3855552276
-20.4054922713
-20.3659473892
-20.3884279458
-20.3993480379
-20.3792425685
-20.3910360566
-20.3343466867
-20.3584920853
-20.3538196305
-20.3301639367
-20.3169512702
-20.3443943929
-20.3408623707
-20.3660297796
-20.3516848958
-20.3463967864
-20.342866564
-20.3002064895
-20.2617284034
-20.2754310316
-20.277243059
-20.2702243391
-20.2527420594
-20.2569275172
-20.2712660886
-20.2460872221
-20.2798344601
-20.3101733541
-20.2917698777
-20.2722088445
-20.2953790552
-20.2956651265
-20.3166875857
-20.3532948979
-20.3477770944
-20.3620969877
-20.3454464471
-20.3428717656
-20.3471715769
-20.3142618727
-20.3227694054
-20.3305440962
-20.3753402791
-20.301705401
-20.2730353921
-20.2844913456
-20.2769629335
-20.2311635606
-20.1797451462
-20.1729301042
-20.193868563
-20.1938715708
-20.1860735787
-20.2256514712
-20.243851914
-20.2783835295
-20.2809001875
-20.2914254654
-20.2451226469
-20.221979519
-20.220752163
-20.2284795798
-20.2254701839
-20.2230521197
-20.2098007598
-20.2074331508
-20.2641883014
-20.2175916952
-20.2254098974
-20.2522825294
-20.2465962149
-20.27991336
-20.2624788968
-20.2842803428
-20.3053451969
-20.3144986191
-20.3225887761
-20.3392199772
-20.3355266369
-20.2928669781
-20.3120568187
-20.3112421794
-20.302321569
-20.3400162723
-20.3367118348
-20.3246035024
-20.313448208
-20.3217240914
-20.2913411795
-20.3208583579
-20.3276570275
-20.3531233058
-20.3872007657
-20.3485245819
-20.3349984057
-20.3312284255
-20.3180942823
-20.3249514536
-20.3119441519
-20.2928948899
-20.2946831137
-20.2871727205
-20.3269922823
-20.3532975863
-20.3480717716
-20.3153441702
-20.3436163666
-20.3492066521
-20.3361908476
-20.3618115858
-20.3567256962
-20.341351723
-20.3167869275
-20.2950464698
-20.2962252687
-20.3253551288
-20.3620858505
-20.3385081976
-20.2673247985
-20.2221500531
-20.2300291706
-20.2175539127
-20.1684998068
-20.2101509909
-20.2182146737
-20.2077135015
-20.178546212
-20.1892350248
-20.1523102104
-20.1268003816
-20.1140830109
-20.1034783459
-20.1609507958
-20.1554475741
-20.1690291222
-20.1815166965
-20.24075761
-20.2183123514
-20.2167728518
-20.1873868322
-20.1705425615
-20.2208183881
-20.2099886731
-20.2370983133
-20.2728493631
-20.266472757
-20.2875061199
-20.2984557767
-20.2693317592
-20.2732652873
-20.2856705972
-20.2779566399
-20.3086526308
-20.3191116569
-20.3075262719
-20.3176203369
-20.2677546693
-20.2897213854
-20.2333748507
-20.2299001643
-20.2561598571
-20.2888489011
-20.2801573524
-20.2338605527
-20.2493815252
-20.2528167588
-20.257001624
-20.2327112121
-20.164808957
-20.1982475712
-20.2367671176
-20.2216947717
-20.2201871234
-20.1787721559
-20.2182872883
-20.2274983899
-20.2247922839
-20.1855263688
-20.2343829939
-20.202556958
-20.2211497939
-20.2199874606
-20.2853431941
-20.325321369
-20.2936306062
-20.3140818331
-20.302099151
-20.2361986397
-20.1765129661
-20.1994214317
-20.1426045201
-20.1470017504
-20.1720538831
-20.1264108789
-20.1054757407
-20.1714053042
-20.1828787866
-20.1464851881
-20.1786935033
-20.1909324548
-20.2292770132
-20.2163843414
-20.158308981
-20.1429729503
-20.1384335805
-20.1136780626
-20.1037818266
-20.064834809
-20.0785304796
-20.0718863072
-20.1220990587
-20.0991628001
-20.1372623617
-20.0668563256
-20.0693075794
-20.071811706
-20.037552105
-20.0167337092
-20.0639408718
-20.0756908802
-20.0208885822
-20.0369279389
-20.0626098565
-20.0568376314
-20.0300356245
-20.0393457224
-20.0249256391
-20.0982602262
-20.0605369491
-20.0840469031
-20.0762969054
-20.0495158855
-20.0651470694
-20.0393148518
-20.1119461253
-20.0911508927
-20.0822314586
-20.0188234327
-19.9867412971
-20.0269317208
-20.0165549808
-20.0534123653
-20.0191895106
-20.0097625931
-19.9889426712
-19.9619139322
-19.9659486244
-19.9888316516
-19.9895393158
-20.0095660413
-20.0370071243
-20.0520291898
-20.0655916919
-20.0592393793
-20.0819173023
-20.0827362396
-20.1030674416
-20.0252797511
-20.0716860814
-20.0533058905
-20.0573422309
-20.0421804107
-20.0767643505
-20.0595923453
-20.0451501269
-20.0606972726
-20.0831494104
-20.0938361837
-20.1042891705
-20.1126749748
-20.0925778185
-20.1226501887
-20.0331794401
-19.9835911613
-20.0033181414
-19.9939694211
-19.9940695
-19.9860904891
-19.978102949
-19.9985352037
-19.9987675015
-19.9986135037
-19.979029647
-19.9710657751
-20.0115029554
-19.982452867
-19.9851904093
-19.9861202341
-19.9394964047
-19.93720234
-19.9162837693
-19.9235142335
-19.9512982859
-19.8967837737
-19.8780350404
-19.8898057338
-19.9005517908
-19.9112982524
-19.9291177252
-19.9666358785
-19.9604140981
-19.9464908791
-19.9509414533
-19.964786891
-19.96794522
-19.9317304919
-19.9092578699
-19.8881468847
-19.8890545854
-19.9467561291
-19.922838965
-19.9672140865
-19.932113463
-19.9765451369
-19.9796361518
-19.9341900899
-19.9893870285
-19.9713694994
-20.022459857
-20.0139500568
-19.9737769229
-19.9111496212
-19.9012068939
-19.8352178336
-19.8304129086
-19.798867756
-19.7510281776
-19.7736833206
-19.7274935296
-19.7642236042
-19.795403276
-19.7766356708
-19.7681961665
-19.7236032562
-19.7877003967
-19.7976224928
-19.8285673044
-19.864274086
-19.8673673849
-19.8884081781
-19.8707273043
-19.8431005517
-19.8667557097
-19.9090887519
-19.8415811973
-19.8678855592
-19.8897618964
-19.8619633936
-19.8645897116
-19.8188224323
-19.7880844114
-19.7771916378
-19.7874323916
-19.8275520174
-19.7764033771
-19.778365587
-19.866546131
-19.8034235895
-19.7762805821
-19.80673069
-19.7762073974
-19.8058705714
-19.8536522941
-19.7989345651
-19.8193928548
-19.7600678153
-19.7923264047
-19.8299640843
-19.8553422893
-19.8305456534
-19.7794757041
-19.8012190186
-19.7929299397
-19.8132177178
-19.8106845771
-19.8020706802
-19.792172587
-19.8314575994
-19.8461368051
-19.6981540984
-19.7446061406
-19.7102133723
-19.748018228
-19.655834408
-19.6813409304
-19.6722169795
-19.6939615602
-19.6638415737
-19.6494616182
-19.6173620095
-19.587549877
-19.6172017765
-19.6047018453
-19.575141315
-19.5859664109
-19.5881805532
-19.5507423404
-19.6226355981
-19.6515990802
-19.6669543073
-19.670633021
-19.5870938482
-19.5978337524
-19.6087229374
-19.6551683576
-19.6329718775
-19.6501987158
-19.7415903939
-19.737087141
-19.7354116917
-19.7412982449
-19.7373780331
-19.7232639918
-19.6520018109
-19.5996856694
-19.568840416
-19.5067570095
-19.5339248012
-19.5491965422
-19.486501929
-19.5173264685
-19.5534652502
-19.5860727489
-19.605464512
-19.5949437137
-19.5170265501
-19.4845751388
-19.5220441487
-19.5289196425
-19.5082384865
-19.5055741519
-19.5444862937
-19.5393218361
-19.5556818587
-19.6184442764
-19.6470638042
-19.6509321918
-19.6473160116
-19.5944669811
-19.5472070102
-19.5436933671
-19.5489732542
-19.5634717062
-19.51961472
-19.4415887948
-19.50343192
-19.5124722966
-19.521994733
-19.5298339169
-19.5753716166
-19.596359037
-19.5755483882
-19.481692273
-19.4918641933
-19.5316002774
-19.5007619785
-19.5311059661
-19.5485638676
-19.5436850534
-19.5575382811
-19.5440072979
-19.5205132216
-19.452008246
-19.436855551
-19.4901102628
-19.4532311465
-19.4109567873
-19.4672877362
-19.4687225
-19.5010576797
-19.4727680531
-19.484913426
-19.5041853064
-19.4853947579
-19.5238498841
-19.5205692446
-19.5283254593
-19.4974283297
-19.5552698861
-19.5304264473
-19.4717016658
-19.4930764318
-19.4845746655
-19.3998042251
-19.4083614288
-19.4269903232
-19.4625626248
-19.4859759861
-19.543684545
-19.4995459709
-19.5556553477
-19.5694006369
-19.5988637192
-19.6483446241
-19.6807153024
-19.6174666787
-19.6638679244
-19.7060073215
-19.6585993456
-19.6432221668
-19.6205442597
-19.5804170259
-19.5717518434
-19.5936725761
-19.5572686668
-19.5603013861
-19.5161365763
-19.4765731394
-19.4683031131
-19.4030676026
-19.4110485017
-19.4102620394
-19.3917195698
-19.3084461153
-19.3145033318
-19.3019329456
-19.3308304492
-19.3280072152
-19.2794639295
-19.2352259961
-19.1931466139
-19.194183597
-19.174842485
-19.0877206407
-19.1070305812
-19.0962248007
-19.094341565
-19.0557992756
-19.1057150589
-19.1251078248
-19.0849516584
-19.1625439272
-19.1652498777
-19.1097249705
-19.137684406
-19.1616969168
-19.2124399346
-19.1931925114
-19.1476227403
-19.1232184441
-19.1402545673
-19.1260606054
-19.1803158109
-19.2025889342
-19.1937912749
-19.2219739965
-19.2961866294
-19.324468992
-19.2932389529
-19.3412333474
-19.2783545628
-19.2999111139
-19.3396407337
-19.3290596508
-19.4032152928
-19.4432698961
-19.4657608244
-19.3732889743
-19.3106735681
-19.3563029127
-19.2810132116
-19.3011154465
-19.2629824277
-19.2393808355
-19.2438974582
-19.191322967
-19.2577940377
-19.2418205606
-19.1911177689
-19.1853425283
-19.2340418472
-19.2198539762
-19.1782440714
-19.2087655872
-19.2549274159
-19.2386998689
-19.2244353372
-19.1084543838
-19.0500107791
-19.0665690757
-19.0128313396
-18.9799082798
-18.9893321393
-19.0466882383
-19.040770438
-19.0383237963
-19.0265839057
-19.0652497213
-19.0378693193
-19.1004505635
-19.0986504965
-19.1259294522
-19.1055508924
-19.1232193947
-19.1382528187
-19.0643106623
-19.0766978463
-19.05899534
-19.0530639265
-18.9617855909
-19.0511516851
-18.9690974616
-18.9805842123
-18.9815662935
-19.0140828857
-19.0889539893
-19.1215655209
-19.1190728327
-19.0972680242
-19.0285713298
-19.0551713877
-19.067871279
-18.9769175813
-19.0643893282
-18.9931889872
-19.0114342586
-18.9648187716
-18.9866184856
-18.9279923994
-18.9642642855
-19.0340910101
-19.0806214101
-19.0539840815
-19.0313204251
-19.0392991045
-19.0464253116
-18.9650183944
-18.9886224157
-18.9897637628
-19.0952804021
-19.1056846307
-19.0095785394
-19.0477996459
-19.0815618436
-19.0722892487
-19.0938164679
-19.0554098498
-19.164736697
-19.1205611834
-19.0678918481
-19.1000135286
-19.0920791088
-19.1515945371
-19.1088533465
-19.0031873874
-19.0044054687
-18.9553395143
-18.9879627327
-18.9807423471
-18.9814285242
-18.9362907844
-18.9426621941
-18.8421181166
-18.8018712382
-18.8213943812
-18.7824311715
-18.8209860637
-18.7773547146
-18.7809620394
-18.7814196021
-18.7654465743
-18.8157397826
-18.8424935738
-18.8784137051
-18.7944331367
-18.7264503531
-18.8090416919
-18.7228435448
-18.8264087601
-18.7540098719
-18.6809571434
-18.558585063
-18.5233282439
-18.4936749292
-18.5238366119
-18.5780173205
-18.561305056
-18.6318895334
-18.5396479293
-18.6045246117
-18.6709814743
-18.7229152711
-18.7884991966
-18.694727462
-18.6677906027
-18.6515852749
-18.5979425367
-18.6176509136
-18.5783886399
-18.6189837845
-18.6446443381
-18.6312394146
-18.7136529891
-18.750939728
-18.6805623489
-18.642390395
-18.7139734198
-18.713072656
-18.7693443229
-18.8479272411
-18.8229843759
-18.8961078142
-18.8274569358
-18.7019398513
-18.692853307
-18.7030858856
-18.6734270077
-18.5970282733
-18.5743824582
-18.5955060814
-18.5765151762
-18.5998930442
-18.6484243346
-18.6529006827
-18.5517444956
-18.449126805
-18.4370517932
-18.4710584313
-18.3877525149
-18.4672311111
-18.5067243202
-18.4865380293
-18.4953693402
-18.5829079193
-18.5942402497
-18.5664902888
-18.51145474
-18.4621536931
-18.5160834536
-18.5241996554
-18.5115494586
-18.4915706743
-18.5029272291
-18.4918917317
-18.5205079471
-18.5484785509
-18.5424322949
-18.6430831023
-18.5536714162
-18.5510089478
-18.5762833035
-18.6918396089
-18.6724806226
-18.6091531087
-18.5399569604
-18.5631909264
-18.5302017343
-18.5529440009
-18.6158787475
-18.58426356
-18.6608049714
-18.687383167
-18.5519646706
-18.5649233086
-18.5293470259
-18.4988846133
-18.5575697025
-18.6114102916
-18.6679935777
-18.6259218706
-18.605783127
-18.6430082456
-18.6502926733
-18.6629756458
-18.5244301069
-18.5791238158
-18.5546661922
-18.5480895333
-18.5339452808
-18.499789686
-18.4432207565
-18.4858046497
-18.4768275869
-18.5295311718
-18.3816336942
-18.36311428
-18.3846855535
-18.379147049
-18.3411238852
-18.3557927059
-18.3118949236
-18.2982288633
-18.3007687073
-18.3480351941
-18.3233726338
-18.3216748035
-18.3061068613
-18.3145962306
-18.3019112374
-18.2930390539
-18.3053725096
-18.2644672638
-18.3068491285
-18.2598004717
-18.2168619648
-18.1872585737
-18.1313003132
-18.1755359203
-18.2062193165
-18.2437016991
-18.1668900784
-18.229054421
-18.2687981698
-18.260599599
-18.2821893003
-18.3323630761
-18.2763793329
-18.3580639025
-18.3317147283
-18.2598070068
-18.2268018015
-18.1847075956
-18.1459281983
-18.0381021321
-18.0802980917
-18.1306294179
-18.1361704802
-18.2098567367
-18.3052086159
-18.2494891703
-18.1699019351
-18.2022062473
-18.191905093
-18.154833783
-18.0625649663
-18.0892423146
-18.0184317182
-17.9794651847
-18.1261431548
-18.1345341123
-18.0907518872
-18.0240591786
-18.0895407298
-18.1584374988
-18.1324377929
-18.1981914021
-18.2372618477
-18.3193304291
-18.2707137563
-18.2400921595
-18.1701223671
-18.1048398563
-18.2573052212
-18.1935972321
-18.2200606439
-18.1893382428
-18.0748610848
-18.049568351
-18.065414887
-17.9416261663
-17.9268612241
-17.842666558
-17.8303931763
-17.9224797741
-17.9894554432
-18.0660126332
-18.0962931783
-18.0408591084
-18.1246217371
-18.1701876378
-18.067820774
-18.0186660405
-18.1144897703
-18.0277137406
-18.0188312129
-18.1118788078
-18.2246631709
-18.2698791864
-18.2750267111
-18.2677258334
-18.2709645674
-18.2071112278
-18.1502672755
-18.0020126333
-18.0024982438
-17.9900251042
-17.9801986373
-17.8846434411
-17.7141624811
-17.7930017333
-17.8789969012
-17.8131358158
-17.8211919893
-17.7506584022
-17.6764955282
-17.7084027514
-17.7456870068
-17.6935122446
-17.7133448907
-17.7493026973
-17.7818063888
-17.8124744513
-17.7550472796
-17.8081703652
-17.856110049
-17.92790244
-17.8135098166
-17.7943924548
-17.8697897685
-17.9112830518
-17.8791187708
-17.8358035814
-17.8908230733
-17.8939993101
-17.8165905268
-17.7956090062
-17.8067282813
-17.6513610615
-17.6268432479
-17.6565465907
-17.7937274908
-17.7975075867
-17.7480844623
-17.7043245344
-17.7162631804
-17.773291545
-17.7849764702
-17.7748505234
-17.7960569093
-17.8147909121
-17.8240193183
-17.8783383209
-17.8325245626
-17.8182701654
-17.8290211864
-17.7813485885
-17.8984623731
-17.8806789783
-17.8541342994
-17.8785949672
-17.7589949476
-17.7904155779
-17.6406588351
-17.624745727
-17.5791526876
-17.5547129048
-17.5580163767
-17.5823947186
-17.5262522292
-17.4474580908
-17.4627844182
-17.3807519114
-17.4569582724
-17.3772182889
-17.3904690449
-17.3598172991
-17.3722788531
-17.4312519573
-17.5522588191
-17.5500061701
-17.5549874551
-17.5494634724
-17.4859843096
-17.436493731
-17.5203594372
-17.5004011074
-17.4117114979
-17.4767112815
-17.5192603935
-17.4592386275
-17.4631621364
-17.5058752867
-17.4186357672
-17.3843870397
-17.3348717693
-17.3661282925
-17.313346625
-17.2432295944
-17.3070231442
-17.3695630303
-17.4102257019
-17.4652967272
-17.4557817561
-17.2451774943
-17.261724212
-17.2817468245
-17.3563582823
-17.3826141
-17.2891152361
-17.3067351264
-17.1975389197
-17.1865483904
-17.1199922387
-17.139395748
-17.2070626694
-17.1946951015
-17.1290552137
-17.0317502949
-17.0235156984
-17.0799772535
-17.0429363889
-17.1220448613
-17.1783147863
-17.1539644969
-17.1295688343
-17.184666955
-17.1479736225
-17.2270465616
-17.1855747735
-17.1127490941
-17.0921709488
-17.1503506561
-17.0893568859
-17.1563569415
-17.207229114
-17.1308591085
-17.1835920545
-17.2085255082
-17.1896543411
-17.2120482778
-17.267141255
-17.3359321514
-17.3201299969
-17.4162782141
-17.4136600624
-17.3664675495
-17.2423495456
-17.2991011582
-17.2597340453
-17.2527358636
-17.1514048988
-17.002384462
-16.9449780722
-16.948333268
-16.9993001516
-17.0197794695
-17.0157318952
-16.9944226366
-17.0407408668
-17.113609419
-17.1564395929
-17.0569072978
-17.0927906178
-17.0934113915
-17.1044378286
-17.1296895018
-17.1659212786
-17.128454854
-17.1241489209
-17.0463417644
-16.9722639402
-16.9173426786
-16.9430641551
-16.9281365237
-16.8874644363
-17.0029645577
-17.105398965
-17.1502970992
-17.2237758526
-17.3267263971
-17.150511784
-17.0231908368
-16.9556490651
-16.7949918743
-16.8564629582
-16.7391958457
-16.8132579035
-16.7432952046
-16.7936820287
-16.8231070689
-16.8394512704
-16.8244200967
-16.8563747082
-16.8111265777
-16.8209945688
-16.9035682359
-16.8788719882
-16.8707595959
-16.8925339899
-16.8547460947
-16.8962527014
-16.8697791693
-16.7521250817
-16.7546376789
-16.7432268479
-16.7195327713
-16.6426453193
-16.6508783428
-16.6375027627
-16.7604811192
-16.6960328614
-16.7459933482
-16.8154195367
-16.7062429325
-16.6986326031
-16.5665701668
-16.5243364661
-16.5007298483
-16.5405876821
-16.6045298934
-16.5949848353
-16.6091711549
-16.6601059226
-16.624122634
-16.7659134334
-16.6807461416
-16.5535592314
-16.5684870595
-16.5338839563
-16.6082743652
-16.615748108
-16.7020679818
-16.6529860056
-16.6780371525
-16.6995395524
-16.6140412926
-16.7453787468
-16.8564851748
-16.8420803798
-16.7897733045
-16.7924074376
-16.7563026354
-16.7866918219
-16.7960195114
-16.7968708944
-16.7170352425
-16.7416371867
-16.6132536139
-16.6406409245
-16.4373520375
-16.5318370965
-16.624309155
-16.4948104635
-16.4962325961
-16.4274557907
-16.5387139044
-16.6915270366
-16.6157034999
-16.669432478
-16.5942947171
-16.6459484926
-16.5739151688
-16.5203359357
-16.257213886
-16.316768165
-16.4380220068
-16.5094232929
-16.4020997698
-16.441831641
-16.1067214542
-16.0626538202
-16.027230761
-16.2042090526
-16.1748914562
-16.2405547986
-16.2152724721
-16.2608043256
-16.2817066621
-16.2953186211
-16.2981530874
-16.2439007902
-16.1410815612
-16.1477846352
-16.2536921594
-16.1351592671
-16.219845206
-16.1886016387
-16.2674350964
-16.1740268634
-16.1750331819
-16.1858072116
-16.1291362615
-16.0312347997
-16.0585044632
-16.052175225
-16.0267309516
-16.0133603063
-16.1370425937
-16.1218935838
-15.8594150991
-15.6405252668
-15.672089933
-15.647957379
-15.6420299012
-15.7531474277
-15.7110098787
-15.7016897301
-15.8087286337
-15.8834054135
-15.8963740598
-15.9423811301
-15.9989046281
-15.9703509883
-15.9131407497
-16.0379502102
-16.0793753247
-15.8944656707
-15.9026206728
-15.8251889296
-15.830840435
-15.7678119194
-15.9155817404
-15.9518252836
-15.8795648691
-15.8061620375
-15.7768513669
-15.7382312416
-15.8494216363
-15.9844129888
-15.9488783905
-16.1454035173
-16.0632495213
-15.9733957717
-15.9916126591
-15.8330520049
-15.9515186108
-15.993159538
-15.9937189456
-16.0148529578
-15.8509420323
-15.8647719484
-15.9810437514
-16.0184589945
-15.9894520398
-16.0389767968
-16.1890097342
-16.2580735897
-16.2521440162
-16.0954407043
-16.0138359165
-15.8869962248
-15.9611143435
-15.924652881
-15.8142995986
-15.7124104677
-15.6494918278
-15.6636327167
-15.6412311906
-15.6642842933
-15.4727940407
-15.5525881298
-15.5663490013
-15.5693699488
-15.4047909298
-15.3387840957
-15.4488905141
-15.4917127869
-15.546169735
-15.6378086101
-15.7019585931
-15.5770868616
-15.4371364083
-15.3982790504
-15.3765024016
-15.3514700621
-15.3841653962
-15.3324911025
-15.3288231429
-15.3442603335
-15.4381749978
-15.4995129335
-15.4205104748
-15.5059134116
-15.5435885716
-15.4556455428
-15.429631891
-15.4506796008
-15.5255622567
-15.6779112035
-15.6998458343
-15.6302028632
-15.6301453899
-15.5308238485
-15.3738557475
-15.4451158952
-15.3777034608
-15.5127397328
-15.3761791264
-15.4426500964
-15.5708008613
-15.5006402464
-15.454689605
-15.3702084693
-15.2773689887
-15.4034251491
-15.3911448705
-15.4496587357
-15.4753421076
-15.4876084479
-15.5845321533
-15.5470093873
-15.6188917548
-15.6058147092
-15.5681512299
-15.5692919543
-15.6084078189
-15.6169200889
-15.4637440252
-15.303078111
-15.2551342887
-15.2476440079
-15.247567848
-15.2623449778
-15.3138301462
-15.218349772
-15.1782440401
-15.1943794439
-15.3175292202
-15.3637580964
-15.4644443158
-15.4873980492
-15.5587809653
-15.5798668818
-15.4973476989
-15.432546334
-15.5443575946
-15.4830478192
-15.387771131
-15.3403179623
-15.120273429
-15.0525313472
-15.0684113412
-15.2137620789
-15.2202938833
-15.1676799689
-15.1619546395
-15.1306678623
-15.1849654491
-15.1762054122
-15.2449511945
-15.1179448979
-15.1027343771
-15.2265581354
-15.3023799739
-15.2901164026
-15.3008985734
-15.2926354195
-15.3710244518
-15.3051048502
-15.276143354
-15.3654348115
-15.3158994747
-15.3052637536
-15.2298167902
-15.1992435356
-15.123895019
-15.101386965
-15.0923236798
-15.1108625797
-14.8545822722
-14.8787496548
-14.8747316749
-14.8473219371
-14.8333339865
-14.8485474137
-14.8620149001
-14.999914352
-15.0558579637
-14.9511401064
-15.0149114956
-15.0864840118
-15.0734411909
-15.1323510586
-15.0762530471
-15.0562515634
-15.034013054
-15.0477772806
-15.1217116104
-15.0223585929
-14.9537637314
-14.8337602192
-14.935239857
-14.8172979125
-14.7849540965
-14.7590691613
-14.8590215263
-14.7315335814
-14.6886332026
-14.7603173432
-14.7721496297
-14.8899654678
-14.7201133418
-14.6732687743
-14.6670437206
-14.6885053099
-14.6748294295
-14.6575901477
-14.8063096776
-14.77023499
-14.7282977394
-14.7077329755
-14.7366863979
-14.7436060335
-14.7120580416
-14.7403369415
-14.8856321123
-14.8979326621
-14.9343560621
-14.8770896989
-15.0604886128
-14.8443818247
-14.7469311701
-14.5905111456
-14.5821164396
-14.4603048471
-14.5732572787
-14.6796201564
-14.7975150083
-14.8040177464
-14.7180466747
-14.7089873584
-14.6332207255
-14.6554321052
-14.7180065824
-14.6189797963
-14.543756619
-14.6640979852
-14.5831391957
-14.4345410556
-14.4955266399
-14.5414823396
-14.3591362479
-14.4650035805
-14.5140868856
-14.4446005439
-14.3578237498
-14.3356205621
-14.3595343342
-14.3012463695
-14.3388225913
-14.3023633555
-14.56006314
-14.5431024972
-14.5176876706
-14.5727409349
-14.5673271262
-14.5060831938
-14.6029005281
-14.7634585955
-14.8593340056
-14.6174223115
-14.6280417966
-14.6067856287
-14.7398811022
-14.5963577036
-14.5080527641
-14.5147716417
-14.4622894908
-14.439557443
-14.5512210335
-14.43915608
-14.5083013995
-14.4528762002
-14.5274190723
-14.4894554611
-14.3339347795
-14.3128245681
-14.2473448304
-14.1877769078
-14.1518552681
-14.1489257939
-14.0259765657
-14.0622193033
-14.19713586
-14.1610468404
-14.2637941266
-14.1493949997
-14.2976155325
-14.374686587
-14.3781944464
-14.3573181656
-14.2820911373
-14.158569713
-14.239300009
-14.276085841
-14.3564549992
-14.1820001395
-14.0501555969
-13.880109273
-14.0050227706
-14.0226768161
-14.1325013395
-14.1811345338
-14.2297181073
-14.3205535853
-14.1962311522
-14.113006597
-14.1431568155
-14.0735847551
-14.1608644879
-14.2406808077
-14.31324824
-14.1079740362
-14.2017494356
-14.1138312634
-14.0624919939
-14.1107557986
-14.1483549375
-14.2431423785
-14.1799255754
-14.1906854436
-14.2633093911
-14.2379290426
-14.216986307
-14.2441127742
-14.2390502397
-14.3357432305
-14.3274661613
-14.4227726084
-14.498583907
-14.2630387756
-14.373481176
-14.315490562
-14.2648681957
-14.3152722305
-14.2762019287
-13.9703589346
-14.0228628246
-13.9519235151
-14.0772466418
-14.0824883124
-14.0642999633
-13.9841043206
-14.0847047859
-13.9082556177
-13.8976397191
-13.9939980518
-14.0674851539
-14.0401908481
-13.9881053054
-13.9622923653
-14.1208850234
-13.9659165911
-13.9553690116
-13.7936976847
-13.776422679
-13.9472152971
-13.9326717348
-13.9210418967
-13.8917963902
-13.8565671031
-13.8185087446
-13.7543275007
-13.715293859
-13.8227274696
-13.8813231352
-13.88368464
-13.7053517732
-13.4880080213
-13.4207767009
-13.3739911413
-13.3535857335
-13.4240556295
-13.5360244394
-13.6679350705
-13.7953291581
-13.7088167215
-13.6022084781
-13.5828111443
-13.7884461306
-13.8470325828
-13.8843311219
-13.8083047585
-13.8170260884
-13.8528191316
-13.6848832578
-13.6109789213
-13.6938391491
-13.5684026658
-13.5211558655
-13.6833304552
-13.6929570991
-13.7272055594
-13.6804555278
-13.5304705771
-13.5371217582
-13.6360731913
-13.6104050196
-13.6039971984
-13.3613292999
-13.1740553796
-13.1399865435
-13.0207995345
-12.9778631837
-13.0543269595
-13.2606641117
-13.3584122584
-13.5276159867
-13.4958112017
-13.7143264151
-13.7599863424
-13.7569445543
-13.6734611678
-13.7544146261
-13.6116996439
-13.6345363462
-13.6924010072
-13.6106196301
-13.4787915299
-13.3953029253
-13.3284084183
-13.2195387355
-13.2369900977
-13.4238561596
-13.4402678047
-13.5593947299
-13.4300637697
-13.4023993905
-13.4396677762
-13.3902759474
-13.3286707777
-13.330752827
-13.1714202369
-13.252856801
-13.1554525928
-13.1510661972
-13.1293138425
-13.0689221847
-13.0539670997
-12.9207035286
-12.8332221697
-12.9243050224
-12.8899404747
-12.9817620236
-13.1136859487
-13.2368546119
-13.2550683264
-13.1897390431
-13.1908080246
-13.2512654842
-13.1757672337
-13.2286198395
-13.2895846461
-13.0779724385
-13.0020985009
-12.9825193515
-12.8614542892
-13.0263502364
-12.9466454097
-13.0568514918
-13.0161008608
-13.1049113463
-13.067385287
-13.0697619089
-13.0728159929
-13.1557141834
-12.9585237108
-12.7835613521
-12.7141581477
-12.5702672477
-12.6027899499
-12.6422213962
-12.5686553445
-12.680740384
-12.5096831884
-12.5132487964
-12.5729414844
-12.7583423773
-12.6671318332
-12.6332333739
-12.731575618
-12.7542344807
-12.7399447593
-12.762065786
-12.7734105837
-12.768235557
-12.9372129774
-13.0080178886
-12.9515185883
-12.8120881451
-12.7631800147
-12.9299630873
-12.907563992
-12.9859041225
-13.0016508646
-12.9904279394
-13.1850609669
-13.0672338538
-13.0392226431
-13.000886923
-12.8649641083
-12.9744183329
-13.1143535954
-13.0071649289
-12.9589564461
-12.8585911274
-12.9776547241
-12.9720886149
-13.0890454784
-12.9218861356
-12.9604065975
-12.9848560134
-12.9378728745
-12.9494908636
-12.7960434222
-12.8913059497
-12.9192061382
-12.8554940622
-12.8359029275
-12.7708878636
-12.8217034576
-12.7841859543
-12.8062133205
-12.8753352005
-12.8835399259
-12.933132188
-13.1139351053
-13.2248646045
-13.0942048565
-13.0054926039
-12.879754814
-12.8340005293
-12.7345790752
-12.5790669751
-12.6201880562
-12.725040178
-12.9052215705
-12.8157969479
-12.7260583578
-12.8160496258
-12.8682930438
-12.8609884039
-12.8096211447
-12.8062595948
-12.8352015431
-12.870568622
-12.8781257929
-12.804531892
-12.8428864984
-12.9640717263
-12.7761006152
-12.7241130041
-12.6379582207
-12.6628972322
-12.5726956714
-12.6519335954
-12.7459774984
-12.689012003
-12.7100898436
-12.9846833915
-12.8704226344
-12.9485032897
-12.9921557173
-12.9594762051
-12.8336170358
-12.7810380952
-12.6625589161
-12.6805174161
-12.595856096
-12.6112464365
-12.5259087042
-12.2138135575
-12.2865822563
-12.1473395805
-12.0521224547
-12.167820786
-12.4938080977
-12.4369736729
-12.5255904508
-12.5122733083
-12.4405056112
-12.2460469328
-12.1606113705
-11.9935597932
-11.958915842
-11.9033395087
-11.8737646072
-11.9466024394
-12.0744114171
-12.1049213485
-12.1363974221
-12.1367512098
-12.2670708059
-12.260440157
-12.2049013865
-12.1621218432
-12.3173907514
-12.3250535191
-12.2310751499
-12.2994007318
-12.3744306874
-12.320168966
-12.2700982296
-12.3655293247
-12.3541341265
-12.2433921833
-12.2696578046
-12.2945068748
-12.427486289
-12.3842454108
-12.3006505627
-12.3478450422
-12.3352274271
-12.635271862
-12.5749843486
-12.4292949293
-12.2940960644
-12.4372517333
-12.4860353651
-12.4298203314
-12.5809752024
-12.4914896211
-12.408573058
-12.3438086389
-12.3040791393
-12.323200842
-12.4560544009
-12.4720999538
-12.5312112552
-12.628355784
-12.445897356
-12.5735069559
-12.6360687524
-12.6229386222
-12.6050772526
-12.6750755383
-12.727203774
-12.6444539973
-12.5370447066
-12.420100546
-12.4454296877
-12.1336000689
-12.2325178396
-12.3039542429
-12.1779652958
-12.0078928086
-12.0394435337
-12.0851611386
-12.0267720879
-12.0689168842
-12.0545533648
-12.1862552725
-12.1214351515
-12.0971744034
-12.1566743003
-12.188196355
-11.9441874914
-11.9825219064
-11.9852899852
-12.0120469708
-11.9966683732
-12.0548689582
-12.2624414273
-12.1918043063
-12.073724225
-12.1915216074
-12.3022737639
-11.9847967757
-11.9759046498
-12.0719945766
-12.1701762318
-12.1048780728
-12.1121054263
-12.010534901
-12.041358381
-11.8741161142
-11.9270961217
-11.9442960683
-11.9858148018
-11.9700542097
-11.9448500604
-12.1401505158
-12.2975592741
-12.3755168199
-12.3391937196
-12.2107262978
-12.2316774776
-12.3984743198
-12.241845225
-12.2163030594
-12.0513013216
-12.0845380232
-12.0108701714
-12.1120196716
-11.9244887388
-11.8601800833
-11.4032589252
-11.599860536
-11.6896580542
-11.6431928822
-11.5954529531
-11.5636127859
-11.6634429951
-11.7888385921
-11.6303213741
-11.399429154
-11.4157742552
-11.5703810785
-11.6741466429
-11.7806980812
-11.8926430301
-11.8950044453
-11.8564390508
-11.6945764961
-11.829189914
-11.9704337076
-11.9015472083
-12.1066707975
-12.059692441
-12.1688518507
-12.3053067859
-12.239503979
-12.290296734
-12.2161650991
-12.0406241485
-12.0236095714
-12.027969566
-12.0009262863
-11.8910207312
-11.8644831737
-11.7218206234
-11.9199295605
-11.8981599442
-11.8553075667
-11.7621579187
-11.9366726503
-11.8353117178
-11.7535160407
-11.8775728274
-11.8865847014
-11.8033692369
-11.7031685637
-11.687983819
-11.5748276438
-11.7013720366
-11.7148786088
-11.4960127323
-11.4091453308
-11.4286220472
-11.4035016956
-11.3973162305
-11.5892937966
-11.6091842166
-11.3814316931
-11.5838558185
-11.7055570865
-11.6634770611
-11.7421717255
-11.8031136299
-11.7653199914
-11.7872948191
-11.6243563104
-11.5277226883
-11.6378126251
-11.452468208
-11.4504720298
-11.4072792458
-11.2085410902
-11.1945044443
-11.4566749276
-11.6223237393
-11.6290790851
-11.6337512393
-11.7271172911
-11.603289631
-11.6355625114
-11.8163652746
-11.8417510841
-11.8826965977
-11.7191578426
-11.4782249118
-11.7613748083
-11.7455507001
-11.694534301
-11.6815223487
-11.5052345493
-11.5562970784
-11.6385162719
-11.6730987043
-11.4407376974
-11.4507820539
-11.658934174
-11.963125279
-12.0406589492
-12.0349432659
-11.7751545169
-11.791356351
-11.7396044095
-11.8610872796
-11.8349960028
-11.987652752
-12.0468921923
-11.8872959337
-11.5485836823
-11.5936474157
-11.6156193317
-11.4632906425
-11.3693288411
-11.2924476514
-11.1466851259
-11.1054022283
-11.0634986175
-11.0055393
-11.0457469356
-10.936362399
-11.0469350409
-11.1112983713
-11.0465330668
-11.0170367329
-11.1076703976
-11.2831337184
-11.2527115212
-11.2585635984
-11.2132026825
-11.4089497692
-11.5778585589
-11.3784875035
-11.4274913032
-11.5194266786
-11.4051291245
-11.2758036898
-11.1323230769
-11.1345989143
-11.0398901214
-11.1533284179
-11.119741488
-11.3484519883
-11.1752794835
-11.1206082895
-10.9502420959
-10.8383994639
-10.6272880877
-10.5845538657
-10.6440929568
-10.6958562445
-10.639319494
-10.6124499641
-10.6701689641
-10.7138456698
-10.6760343372
-10.8485996923
-10.6814388182
-10.6457471595
-10.5869290531
-10.5284047529
-10.4926138837
-10.505933098
-10.5738751653
-10.4967488276
-10.5891407651
-10.6051129545
-10.7601105344
-10.9405814241
-11.0839005076
-11.1247059738
-10.9263145971
-10.942705372
-10.7134050594
-10.8284451092
-10.7512873383
-10.6157556324
-10.6192231589
-10.5290617075
-10.5251266207
-10.5016303377
-10.5866536407
-10.848559209
-10.9237229056
-10.6782917256
-10.7829101962
-10.9054467238
-10.702907496
-10.923399491
-10.9345625573
-10.9425612567
-11.0001710117
-10.9718966189
-10.9341792237
-11.0062839232
-11.0861749279
-11.2556571987
-11.2942397839
-11.2408376797
-11.2107162565
-11.124783219
-10.9205168428
-10.9881383677
-10.8540938071
-10.6571399156
-10.5403986177
-10.5435073349
-10.6696344718
-10.8561793056
-10.8683679766
-10.7816992715
-10.7507441509
-10.7162498497
-10.8889079639
-10.8678036663
-11.0241632547
-11.100136127
-11.0418704971
-11.0272085757
-10.8696067849
-10.8554898591
-10.5659821996
-10.5998036076
-10.6830477376
-10.5756358594
-10.5876758163
-10.7014317891
-10.7312383336
-10.68189715
-10.6391370409
-10.5273126673
-10.4472139133
-10.3105424405
-10.2167867774
-10.1619446441
-10.0034863338
-10.1367524724
-10.1246752132
-10.2392476423
-10.1263432388
-10.212549697
-10.1984135594
-10.39200079
-10.4664699051
-10.4188719671
-10.4090920826
-10.3669829303
-10.4091423203
-10.3624685062
-10.2583804053
-10.1345802904
-10.1621278511
-10.3751014011
-10.5866394379
-10.8737557142
-11.0291893534
-11.0857939058
-10.8705294496
-10.7494646571
-10.8955436139
-11.1409066712
-11.017084458
-11.0038340303
-10.8728770161
-10.817427062
-10.9361063289
-10.8034033577
-10.5090835154
-10.5629382411
-10.5541118299
-10.6245659456
-10.4808156201
-10.6175568152
-10.684198115
-10.7993718828
-10.7141810551
-10.5226376648
-10.206865211
-10.2614265618
-10.2458603498
-10.2072581837
-10.2660373644
-10.4076083445
-10.0511579803
-10.1886479261
-10.4399865166
-10.5030546923
-10.4556071582
-10.568622831
-10.8236292657
-10.8136547303
-10.805053675
-10.9097897669
-10.807264604
-10.6836770969
-10.6398722759
-10.7049449003
-10.4523341398
-10.5341238929
-10.6558220924
-10.6571230661
-10.6717787167
-10.6012585806
-10.6422865828
-10.5621071319
-10.3862393322
-10.5515345373
-10.5578402948
-10.4209714925
-10.0641679914
-9.92587984169
-9.93563246894
-9.95404458767
-9.98811194955
-9.92600519804
-10.0504976934
-10.0493722474
-10.1005265158
-10.0430573464
-10.0578509596
-9.84054452866
-9.89365516804
-9.95429224375
-10.0142246325
-10.0399203525
-9.90428040007
-9.87003283617
-9.70472241147
-9.57754860203
-9.73800502612
-9.76665031888
-9.86418402704
-9.8018383509
-9.99544736044
-10.0360582201
-10.0938151349
-10.0644438137
-10.1103622139
-10.0841312823
-10.0334615216
-10.1399237561
-10.2223397044
-10.0241964382
-10.0027273429
-9.84070593646
-9.81064633425
-9.91626081636
-9.69805630701
-9.62150034031
-9.73495350646
-9.72203768364
-9.64173277196
-9.74275941506
-9.82440241201
-9.92769165558
-10.0126018061
-9.75036021564
-9.71723483528
-9.72115325988
-10.0032514403
-10.0676120237
-9.98686581965
-9.94727288037
-9.99558069261
-10.0115870195
-10.01311056
-10.1835924382
-10.0365369157
-10.0717220317
-10.0681664247
-9.80799154085
-9.64583825897
-9.48730044383
-9.59650765088
-9.5496938854
-9.3593346701
-9.36540889175
-9.51130860818
-9.34270280413
-9.31168670617
-9.44306604683
-9.39481900815
-9.27380242476
-9.34582619108
-9.29061898697
-9.2724534465
-9.37489175939
-9.43265680875
-9.61527680171
-9.29346578172
-9.36020341198
-9.37650801527
-9.44646769462
-9.30128540388
-9.59840522413
-9.70961328014
-9.61599773216
-9.70503008439
-9.64564693946
-9.62090612921
-9.77673753561
-9.68183686267
-9.8783686802
-9.74405674792
-9.92213613252
-10.1331574714
-10.0979267291
-10.0615698368
-10.127189116
-10.1200115686
-10.3315034084
-10.0879638494
-10.0973972775
-9.92911670567
-9.66993548161
-9.73013095264
-9.72592606383
-9.58024717096
-9.70510406947
-9.32600881222
-9.23317130241
-9.56259015534
-9.65579670265
-9.54781772616
-9.52416207962
-9.64298821171
-9.70180750633
-9.54837761715
-9.39468272843
-9.50970659246
-9.69169315491
-9.58487759095
-9.17144272884
-9.06281695182
-9.1699915117
-9.36945967254
-9.51056917731
-9.62624274309
-9.39644688479
-9.54058472847
-9.82391648982
-9.80469462761
-9.90048418974
-9.92295342417
-9.96298862023
-10.1251451051
-10.007761442
-9.62394710957
-9.74908424953
-9.79043799471
-9.76590386562
-9.7395277315
-9.84051725441
-9.81634031303
-9.84007083815
-10.0076441524
-9.92757675071
-9.87040443495
-10.0559819077
-10.1982967879
-10.1622071277
-10.0997318583
-9.91956775257
-9.93802503407
-9.76912963906
-9.66286770147
-9.75025149559
-9.70044517961
-9.75206463689
-9.76234874959
-9.97677816439
-9.83537111297
-9.81671104
-9.61504620505
-9.64317160364
-9.52034976551
-9.71540503622
-9.70089535968
-9.73402002803
-9.5935052369
-9.45745788043
-9.50208744224
-9.42689367252
-9.38652990409
-9.56815766852
-9.37613706003
-9.37608393034
-9.50657033075
-9.4309206806
-9.42720424381
-9.3987574308
-9.3136158996
-9.53410218696
-9.32158078498
-9.2198260018
-9.36959787451
-9.36264002773
-9.40553717702
-9.18681560481
-9.21394061923
-9.18364198376
-9.06289119781
-9.11174854635
-8.9227350959
-9.00286026031
-8.97728357851
-9.00149103257
-8.80469532384
-8.88850053919
-9.1769797309
-9.30264427374
-9.25521300029
-9.26612324036
-9.33632637664
-9.28664486757
-9.10522673438
-9.17376469382
-9.44169563046
-9.51431345674
-9.12941248642
-9.12148184689
-9.43348450914
-9.39518941927
-9.30106911656
-9.1855965409
-9.09789954046
-9.31039653666
-9.22384640312
-8.87895270209
-9.0772424558
-9.25719389384
-9.26663575508
-9.4441952046
-9.43995663554
-9.41723511076
-9.31164892453
-9.43203799726
-9.56596957985
-9.60022047488
-9.38020902747
-9.36727822864
-9.16761862218
-9.1316488013
-9.10196391335
-8.94545066376
-8.95861497248
-8.66775261229
-8.89610267963
-8.99464920979
-8.97852624839
-9.34476728801
-9.12449833159
-8.97880447605
-9.01074655622
-9.05612134847
-9.25654934359
-9.29587324111
-9.34714968561
-9.34277591948
-9.40569296459
-9.4250250378
-9.24970346866
-9.03035306811
-9.36747280272
-9.45159026799
-9.07256845877
-8.69840784164
-8.69992355893
-8.68309408394
-8.56071692534
-8.7252594605
-8.5266237828
-8.46932272132
-8.50974928063
-8.34281149691
-8.30538332487
-8.41498319873
-8.57661500542
-8.6711646453
-8.65688291129
-8.97376820345
-9.06153127845
-9.02582184666
-8.88017106422
-9.06465736855
-9.27531185822
-9.26937572624
-9.26567239993
-9.41430399055
-9.16669272299
-9.10416908412
-9.15719495586
-9.19977155312
-9.15412073384
-9.21832177771
-9.07043718954
-9.18601534988
-8.79434908847
-8.76001344682
-8.96615887434
-8.78100767445
-8.66956079617
-8.75412112203
-8.90549628318
-8.9129526826
-9.00303066538
-8.86854317242
-8.96919602
-9.28427840558
-9.42811331252
-9.25386269215
-9.11996761304
-9.01115711638
-9.03218467848
-8.98856716225
-9.05494956543
-8.80770516711
-8.45689191538
-8.27852524321
-8.40496732141
-8.24914260157
-8.15748280532
-8.19277189617
-8.17024208358
-8.37509665253
-8.62373820822
-8.79780873948
-8.64573295265
-8.61955798603
-8.67203919967
-8.57167522987
-8.61395094029
-8.60547149034
-8.73412283482
-8.75991884196
-8.71852852868
-8.86610866156
-8.91971338152
-8.82151875282
-8.64974897296
-8.75164967862
-8.79555275491
-8.75939112005
-8.88104205467
-8.97640557666
-9.02103058699
-9.04706613079
-8.94113757331
-8.69661771444
-8.78576948812
-8.74297409198
-8.9017476924
-8.94667602672
-8.87506569609
-8.96626981245
-8.98814074379
-8.79338646013
-8.52074165277
-8.37316125971
-8.38346119757
-8.51369580311
-8.38114400065
-8.56244603744
-8.69429273901
-8.52753856597
-8.71553911963
-8.75791248879
-8.67839145575
-8.62628536532
-8.70105371337
-8.55575724408
-8.64377459532
-8.66962697437
-8.60798933282
-8.74046055602
-8.5609838579
-8.58968491095
-8.42486482956
-8.48708432183
-8.50849348396
-8.41605493991
-8.43740906828
-8.50051522313
-8.34843008776
-8.64045739141
-8.7917701556
-8.64965347899
-8.6171205528
-8.36804742454
-8.13525060967
-7.99202707603
-8.1710989917
-8.3048891612
-8.54100700523
-8.55047882187
-8.53385427065
-8.52358184231
-8.56507931029
-8.65270973337
-8.45661219928
-8.28934347818
-8.3912723001
-8.60937884662
-8.70934966655
-8.65404930779
-8.75535673264
-8.65431608945
-8.57202277379
-8.23307895672
-8.24103782625
-8.37449643118
-8.38222298253
-8.47129164949
-8.49115127177
-8.48613269341
-8.39032368471
-8.26393368511
-8.31778457348
-8.42576443936
-8.5112923856
-8.47592574707
-8.29282546638
-8.33165810937
-8.26269889372
-7.98199598369
-7.89759118684
-8.16917377853
-8.0904473848
-8.13443871256
-7.99989536228
-7.9801979922
-7.77723204037
-7.77418142806
-8.01495919947
-8.11809737305
-8.03031121503
-8.03924502824
-7.79358040934
-7.80869841191
-7.83839221353
-7.76979026044
-7.90846624288
-8.0023183268
-8.06560330136
-8.1414018323
-8.30520414008
-8.43183557192
-8.39787368943
-8.27898308059
-8.04037658818
-8.13779902736
-8.01638278402
-7.98271153408
-7.93074313496
-8.04203304018
-8.07628538115
-7.97826903206
-8.03639754385
-8.03133725951
-8.2798639468
-8.51886171159
-8.34734718207
-8.30885147822
-8.58106001652
-8.19274766483
-8.23982096559
-8.65176883611
-8.75743979043
-8.66203940439
-8.45406803812
-8.77520726241
-8.64729527052
-8.59098382614
-8.41145637384
-8.47786121488
-8.43835958272
-8.44370357146
-8.69504020681
-8.45306905319
-8.34556788739
-8.21539296423
-8.29430367859
-8.26427793749
-8.46518260851
-8.17007992744
-8.3117926948
-8.41411581413
-8.19359435993
-8.30842087564
-8.18591337531
-8.11131910166
-8.16295400097
-8.19162117948
-8.30222015301
-8.26204970979
-8.19693188517
-8.12101650161
-8.12362528709
-8.04629105542
-8.1497393641
-7.98422715543
-8.12345962581
-7.918841727
-7.94561160948
-7.82847337643
-7.80802501387
-8.10198552393
-8.16852202189
-8.07822476003
-7.9961119941
-7.84200621909
-7.60601526666
-7.6530149365
-7.73859200129
-7.79378307831
-7.75609401499
-7.88432287619
-7.99394284885
-8.06556173674
-7.97462207966
-8.06294348967
-8.03928562249
-8.24480262828
-7.93726463005
-7.95709683697
-7.69314551166
-7.68712700468
-7.46785165524
-7.51064886805
-7.50994336016
-7.34972499825
-7.28014962629
-7.28260865011
-7.34584262438
-7.41503953906
-7.29186738785
-7.18140636803
-7.58830243715
-7.72344259128
-7.86446185541
-7.72558953792
-7.74890322705
-7.8247020316
-7.94486724592
-8.19265890568
-8.44886613844
-8.49323962513
-8.52966290825
-8.43396959153
-8.3219239737
-8.23818380606
-8.10296354866
-8.05505857056
-7.99469328726
-8.1148120687
-7.88042437021
-7.93352490462
-7.89344868717
-7.85619921695
-7.54464597316
-7.5248810226
-7.24499689161
-7.30406063066
-7.26801511099
-7.28101805483
-7.27784353201
-7.53166424087
-7.67172475284
-7.67692434149
-7.78127720105
-7.70560560474
-7.37222257227
-7.37598354621
-7.09171104523
-7.19686205169
-7.37730162786
-7.58900493259
-7.70014679137
-7.56244594399
-7.83141480378
-7.77667680926
-7.46073527912
-7.46778685312
-7.59048973347
-7.63335171787
-7.76991075667
-7.54519423785
-7.57397313772
-7.70412093864
-7.76037577955
-7.54693604251
-7.88433169026
-7.87996990377
-7.92076913335
-8.26847044328
-8.15694606229
-8.08307446925
-8.23068979065
-8.30488196899
-8.22143767161
-8.17957068332
-7.90888124783
-7.90304809325
-7.73761050678
-7.59293508997
-7.409732247
-7.0255064527
-7.14240804141
-7.08751691865
-7.20682012017
-7.48659090278
-7.53200040711
-7.33124136379
-7.26284048921
-7.34145910188
-7.52889389737
-7.35019455711
-7.38581245917
-7.60906016831
-7.67282186669
-8.03229316459
-8.14079054916
-8.1220095845
-8.14296596017
-8.04726252791
-8.10419298713
-7.63858738944
-7.74104772407
-7.76114879255
-7.50218642753
-7.52664707901
-7.42239859772
-7.50741779239
-7.61082115837
-7.76313659006
-7.65203669222
-7.55604417508
-7.35636218943
-7.50972361519
-7.65006438828
-7.30660861329
-7.46409861527
-7.54886121549
-7.69194235798
-7.87269476087
-7.71482071433
-7.88959924297
-7.94528532416
-7.81722348043
-7.78708593103
-7.77507550014
-7.98922522234
-8.03685697961
-8.0341935433
-7.97816488665
-7.89204814245
-7.81085189076
-7.89561026081
-7.68520775671
-7.59740004997
-7.67051961143
-7.77516222934
-7.74631089379
-7.74108991394
-8.07405180814
-7.86405279845
-7.90837769513
-7.51554247126
-7.62871710117
-7.57332855041
-7.48490468572
-7.21925419631
-7.12188940094
-7.03894575595
-7.41896257595
-7.48026652839
-7.54598639616
-7.58488155306
-7.49006703099
-7.28202896241
-7.07733263191
-7.24830072532
-7.25736381222
-7.21525352988
-7.4902969322
-7.86261507426
-7.90017025044
-8.06782862626
-7.89710148549
-7.98078478589
-7.93327315946
-7.93568095668
-7.75262543392
-7.58712886601
-7.42669007903
-7.47130131403
-7.31342433013
-7.11178509386
-7.12974147746
-7.09407425184
-7.03243512887
-7.18900971532
-7.10725669034
-6.99748058982
-6.88178289329
-6.6098350922
-6.77156948318
-6.97681384824
-6.52807866127
-6.61851531968
-6.6671268375
-6.76285704186
-6.60070686476
-6.89357567261
-6.92142776699
-6.65676816309
-6.67119420363
-6.83083502374
-6.76717507527
-6.97151011465
-6.85808224479
-6.74517725526
-6.5526278541
-6.68028239954
-7.02449767508
-7.11213558208
-6.89144333641
-6.90070772108
-6.88931559628
-6.71175594854
-6.72436597728
-6.69028714018
-6.91735725923
-6.86095520886
-7.19015751448
-7.07660641559
-6.94167101263
-7.05818923308
-6.95252649882
-6.75835918573
-6.44878806129
-6.377798842
-6.44837404838
-6.42979314355
-6.55278655204
-6.54256883934
-6.87619373368
-7.03178564352
-7.15473579706
-7.15339009964
-6.93484089155
-7.03253984581
-7.15604841052
-7.07020903931
-6.96689602995
-7.14029514819
-7.28916147633
-7.50821902533
-7.47213416843
-7.49358151644
-7.66343276309
-7.71131705731
-7.69052402856
-7.57881703468
-7.70784992969
-7.69121536727
-7.62423340213
-7.50945987078
-7.53211067811
-7.45890148971
-7.0818713044
-6.95837157619
-6.80641182655
-6.87631445672
-6.90672947279
-6.65053476018
-6.8416461901
-6.98471804125
-7.10895886872
-6.88614956554
-6.97494726113
-7.08093989175
-7.10854415638
-6.94408129531
-7.11385432975
-6.94269526843
-7.02987386592
-7.14346354013
-7.22510398851
-7.20514237404
-7.14205678094
-7.35181853189
-7.39742819282
-7.6838409123
-7.43299544886
-7.29331002782
-7.25509257251
-7.39399791643
-7.2452458632
-6.92299995885
-7.19065752881
-7.00336746718
-7.01870118237
-7.25996214706
-7.3663917528
-7.59168633898
-7.72647742592
-7.72050625631
-7.62496031696
-7.60094588625
-7.84178408356
-7.88472040609
-7.83608665822
-7.82178457034
-8.05417947047
-8.03139360386
-8.07486454406
-7.91567164368
-8.09249471511
-8.1381189868
-8.19801339949
-8.23623402801
-7.8501502299
-7.96860578057
-7.68102642424
-7.61755093478
-7.4571660742
-7.42794060431
-7.16712659394
-7.27732715577
-7.16545207369
-7.2631443135
-7.40692364133
-7.59914431916
-7.7728385308
-7.57021026997
-7.57902057803
-7.7789986068
-7.93945119791
-8.17302435047
-8.02185554169
-8.02256039565
-8.01186772265
-7.92745663872
-7.79077564914
-7.59878223266
-7.64911084089
-7.57243983164
-7.74680891466
-7.77356052045
-7.52112953361
-7.41889813271
-7.04985214959
-7.09403001489
-6.99769919867
-6.99321591354
-7.05652151758
-6.94599300455
-6.68167199051
-6.82857362245
-6.85069362932
-6.73322730323
-6.76738940304
-6.77576765392
-6.62765297337
-6.54198674548
-6.96225406475
-6.77458129254
-6.48093984387
-6.34763296079
-6.37315822928
-6.40314748172
-6.48052150111
-6.631965547
-6.5950557893
-6.59166041099
-6.60180739375
-6.60958544389
-6.7184037099
-6.45504084529
-6.52639264325
-6.68136470209
-6.43858344121
-6.5521954603
-6.56242792233
-6.48910033501
-6.59636856788
-6.78844262799
-6.80326737724
-6.75969552735
-7.00821046165
-7.04969956637
-6.8381013689
-6.60963033204
-6.84009558507
-6.5904982309
-6.54808996513
-6.55845401097
-6.67067507028
-6.78649402157
-6.60547766657
-6.71552248924
-6.74403973959
-6.92965822372
-6.84909547023
-6.62218509164
-6.74133875301
-6.68556305039
-6.40454267107
-6.59432215911
-6.7068145679
-6.55891904829
-6.43580347907
-6.26876021996
-6.38610026971
-6.19992323988
-6.07971941598
-6.15229176822
-6.0426583269
-5.96945271583
-5.8136459783
-5.86304004724
-5.99634024793
-6.26031245243
-6.31187543027
-6.15143083822
-6.02526275745
-6.04287112873
-6.11337589895
-6.04995662269
-5.93297577658
-6.21953937733
-6.31226753845
-6.55852071446
-6.46197645408
-6.3095960837
-6.44608961385
-6.65138529227
-6.57493042939
-6.31065086277
-5.99374857053
-6.34622511299
-6.20816222873
-6.21550441238
-6.13870508142
-6.41495023112
-6.47168817433
-6.50014861476
-6.49587343873
-6.46585254681
-6.30087901414
-6.640454422
-6.55762130891
-6.58254907792
-6.81869219455
-6.83478190288
-6.49298864459
-6.38220702619
-6.35214949082
-6.4902003653
-6.44763333237
-6.28220971199
-6.28934222786
-6.37212787238
-5.99155737989
-5.86683411171
-5.50445451593
-5.63656132224
-5.58142610683
-5.51935993881
-5.72091025535
-5.85263219454
-5.81412857979
-5.59557291702
-5.5074169617
-5.6320776661
-5.58439431211
-5.8296355008
-5.77826867067
-5.99105922927
-5.89973903952
-5.76466892041
-5.90738616885
-5.74820439785
-5.96138952864
-5.81751275295
-5.86746623052
-5.73987996998
-5.89278709047
-5.63277882386
-5.77349965955
-5.82285189979
-5.73827920653
-5.86000596227
-5.628881301
-5.48369242506
-5.25125344596
-5.31242649996
-5.56947393005
-5.69184036436
-5.44027975745
-5.5244507561
-5.567691426
-5.53651529031
-5.72436874057
-5.97056816271
-6.18405855466
-6.22415501344
-6.20437241667
-6.08758496862
-6.03680764569
-5.89620621906
-5.56454697774
-5.70512645371
-5.93816188662
-5.80664035577
-5.9078871237
-5.73764993208
-5.51963161378
-5.65762958693
-6.00362781752
-6.15485564149
-6.10024751468
-6.14501136417
-5.92839974319
-6.00958546605
-5.62464888887
-5.63933048769
-5.98508489995
-6.00913363386
-5.99173415759
-5.81306371866
-6.12383030625
-5.87577654755
-5.76242037719
-5.82183779377
-5.76276157885
-5.71433561956
-6.02102085753
-6.42535104942
-6.50768686154
-6.54249462974
-6.16897468113
-5.7909756915
-6.29767571356
-6.51278941144
-6.26476657353
-6.47454292843
-6.47380887514
-6.18715614487
-5.97699687238
-6.00557349586
-6.1368577352
-6.13823591345
-5.97482585568
-6.09668309278
-6.19318546636
-6.33434839533
-6.12376602938
-5.95329927638
-6.07837406084
-6.11657671091
-6.05626513632
