11326, 20, 3.090909, 2.800000
20965, 40, 3.909091, 2.200000
31405, 60, 3.545455, 2.400000
41265, 80, 4.000000, 1.600000
52834, 100, 4.909091, 4.200000
63885, 120, 4.818182, 12.000000
73757, 140, 4.000000, 18.600000
83962, 160, 4.545455, 7.400000
94831, 180, 5.272727, 9.800000
105007, 200, 4.636364, 9.200000
115859, 220, 6.000000, 12.000000
129406, 240, 7.727273, 10.800000
140921, 260, 5.272727, 14.600000
152454, 280, 5.363636, 10.400000
166557, 300, 9.090909, 10.600000
179967, 320, 8.636364, 11.600000
193666, 340, 8.909091, 11.200000
206841, 360, 6.545455, 11.200000
220638, 380, 8.727273, 12.200000
235497, 400, 10.181818, 13.400000
251419, 420, 9.909091, 14.600000
264993, 440, 7.818182, 11.800000
279419, 460, 7.909091, 8.800000
293415, 480, 8.181818, 9.800000
307988, 500, 9.454545, 6.000000
321855, 520, 8.363636, 4.600000
336023, 540, 9.090909, 7.600000
349962, 560, 7.818182, 6.200000
364678, 580, 9.454545, 10.400000
378911, 600, 8.727273, 10.400000
393075, 620, 9.818182, 7.800000
406771, 640, 7.090909, 7.400000
421400, 660, 10.727273, 12.600000
438334, 680, 9.090909, 7.600000
452997, 700, 8.000000, 9.000000
466232, 720, 8.727273, 12.200000
481741, 740, 11.909091, 13.200000
497878, 760, 11.454545, 11.200000
512304, 780, 11.000000, 5.800000
528248, 800, 11.727273, 13.600000
543951, 820, 12.454545, 10.800000
559540, 840, 12.272727, 15.600000
575958, 860, 11.545455, 9.000000
589954, 880, 10.545455, 15.400000
606049, 900, 12.090909, 11.600000
620069, 920, 10.363636, 9.400000
635395, 940, 10.818182, 14.400000
649305, 960, 10.909091, 14.000000
663794, 980, 9.454545, 6.600000
675479, 1000, 8.454545, 13.800000
688596, 1020, 10.818182, 5.400000
701213, 1040, 7.818182, 9.800000
716353, 1060, 10.909091, 12.600000
733285, 1080, 12.727273, 13.400000
749187, 1100, 11.454545, 13.000000
764363, 1120, 12.363636, 11.000000
781722, 1140, 13.454545, 16.000000
800567, 1160, 17.454545, 18.800000
820044, 1180, 17.909091, 18.800000
839166, 1200, 18.000000, 21.400000
856810, 1220, 13.545455, 16.000000
875387, 1240, 16.818182, 11.000000
897204, 1260, 18.727273, 22.600000
916613, 1280, 18.818182, 21.600000
936057, 1300, 19.181818, 12.800000
955636, 1320, 17.818182, 25.200000
976697, 1340, 16.363636, 16.200000
997474, 1360, 15.545455, 27.400000
1021075, 1380, 23.090909, 18.000000
1039402, 1400, 15.818182, 17.600000
1059283, 1420, 17.090909, 15.200000
1078965, 1440, 21.000000, 23.200000
1099948, 1460, 22.636364, 19.600000
1122593, 1480, 24.636364, 25.200000
1140902, 1500, 19.818182, 21.600000
1162832, 1520, 24.636364, 16.400000
1185378, 1540, 27.363636, 35.600000
1209949, 1560, 26.000000, 17.200000
1232018, 1580, 27.727273, 27.000000
1253541, 1600, 25.363636, 20.600000
1276175, 1620, 26.272727, 15.400000
1299625, 1640, 26.363636, 33.400000
1327134, 1660, 33.181818, 25.400000
1353700, 1680, 35.272727, 39.400000
1378943, 1700, 28.818182, 19.600000
1402596, 1720, 30.636364, 49.200000
1427097, 1740, 27.000000, 33.400000
1450337, 1760, 29.909091, 27.200000
1472413, 1780, 29.090909, 44.000000
1496839, 1800, 35.000000, 42.800000
1523815, 1820, 37.454545, 37.200000
1550249, 1840, 37.454545, 41.800000
1575072, 1860, 35.636364, 47.400000
1603783, 1880, 44.909091, 49.200000
1631779, 1900, 44.181818, 32.600000
1658786, 1920, 42.636364, 56.000000
1685993, 1940, 44.454545, 55.800000
1716184, 1960, 45.636364, 48.400000
1745784, 1980, 46.181818, 45.000000
1782260, 2000, 62.909091, 39.600000
1815884, 2020, 56.818182, 48.600000
1846490, 2040, 47.545455, 50.400000
1876891, 2060, 52.727273, 65.200000
1909446, 2080, 59.636364, 73.000000
1945981, 2100, 64.181818, 56.600000
1981349, 2120, 63.090909, 61.800000
2017154, 2140, 66.454545, 70.200000
2052007, 2160, 57.454545, 79.400000
2084071, 2180, 53.272727, 42.000000
2117906, 2200, 63.636364, 34.800000
2148843, 2220, 52.454545, 59.400000
2179623, 2240, 59.272727, 58.400000
2217394, 2260, 74.818182, 66.600000
2256244, 2280, 67.818182, 83.600000
2290118, 2300, 62.272727, 80.600000
2325853, 2320, 62.818182, 68.000000
2361307, 2340, 71.454545, 61.800000
2393973, 2360, 65.181818, 85.400000
2427780, 2380, 59.636364, 34.200000
2461323, 2400, 64.727273, 52.400000
2494949, 2420, 58.818182, 64.200000
2533327, 2440, 79.363636, 77.600000
2569955, 2460, 71.454545, 54.600000
2602548, 2480, 65.363636, 70.800000
2633392, 2500, 55.181818, 49.000000
2662412, 2520, 52.454545, 69.600000
2696404, 2540, 62.818182, 43.400000
2731041, 2560, 66.363636, 71.800000
2766440, 2580, 73.636364, 72.000000
2796419, 2600, 49.090909, 77.800000
2828638, 2620, 60.363636, 81.600000
2860522, 2640, 53.181818, 49.800000
2897085, 2660, 66.363636, 70.600000
2931823, 2680, 61.636364, 46.400000
2962889, 2700, 56.000000, 89.600000
2996752, 2720, 71.000000, 66.800000
3032934, 2740, 72.818182, 76.200000
3068004, 2760, 72.090909, 61.000000
3101267, 2780, 64.000000, 47.600000
3133810, 2800, 58.909091, 32.400000
3167741, 2820, 64.909091, 56.600000
3202549, 2840, 69.818182, 90.000000
3239284, 2860, 82.818182, 101.200000
3278159, 2880, 81.000000, 95.800000
3315557, 2900, 72.636364, 65.000000
3353681, 2920, 84.272727, 31.400000
3387745, 2940, 79.727273, 70.400000
3420826, 2960, 69.363636, 52.600000
3449856, 2980, 55.090909, 75.800000
3481761, 3000, 59.636364, 63.400000
3514751, 3020, 73.454545, 86.600000
3546616, 3040, 59.181818, 94.000000
3582643, 3060, 79.636364, 56.400000
3618110, 3080, 76.545455, 86.000000
3655359, 3100, 79.909091, 100.800000
3692693, 3120, 84.818182, 23.400000
3729287, 3140, 78.545455, 89.800000
3765224, 3160, 77.454545, 68.200000
3798856, 3180, 65.636364, 56.000000
3830212, 3200, 73.000000, 90.400000
3863193, 3220, 72.454545, 80.400000
3894764, 3240, 67.818182, 94.400000
3933320, 3260, 88.363636, 55.200000
3971257, 3280, 87.545455, 81.400000
4011865, 3300, 89.454545, 90.600000
4047938, 3320, 74.181818, 102.800000
4087475, 3340, 93.000000, 94.600000
4122500, 3360, 75.000000, 75.400000
4159126, 3380, 74.818182, 82.800000
4193365, 3400, 78.181818, 80.800000
4229374, 3420, 78.000000, 93.800000
4264858, 3440, 77.727273, 107.200000
4298315, 3460, 70.909091, 105.000000
4336674, 3480, 91.818182, 68.400000
4374360, 3500, 90.363636, 39.200000
4411830, 3520, 83.363636, 98.600000
4447514, 3540, 86.545455, 65.400000
4480488, 3560, 74.909091, 65.000000
4513098, 3580, 67.545455, 48.400000
4543189, 3600, 56.909091, 53.800000
4574444, 3620, 61.181818, 79.800000
