0.000000000000000000e+00
0.000000000000000000e+00
2.777777777777777775e-04
3.472222222222222376e-02
3.472222222222222376e-02
3.500000000000000333e-02
6.888888888888888840e-02
6.888888888888888840e-02
6.916666666666666796e-02
1.436111111111111061e-01
1.436111111111111061e-01
1.438888888888888995e-01
2.250000000000000056e-01
2.250000000000000056e-01
2.255555555555555647e-01
3.013888888888888729e-01
3.013888888888888729e-01
3.019444444444444597e-01
3.841666666666666563e-01
3.841666666666666563e-01
3.850000000000000089e-01
4.752777777777777990e-01
4.752777777777777990e-01
4.758333333333333304e-01
5.699999999999999512e-01
5.699999999999999512e-01
5.708333333333333037e-01
6.647222222222222143e-01
6.647222222222222143e-01
6.655555555555555669e-01
7.655555555555555447e-01
7.655555555555555447e-01
7.663888888888888973e-01
8.722222222222222321e-01
8.722222222222222321e-01
8.727777777777777635e-01
9.941666666666666430e-01
9.941666666666666430e-01
9.949999999999999956e-01
1.134166666666666767e+00
1.134166666666666767e+00
1.135277777777777830e+00
1.258055555555555483e+00
1.258055555555555483e+00
1.258888888888888946e+00
1.369722222222222285e+00
1.369722222222222285e+00
1.370833333333333348e+00
1.479444444444444340e+00
1.479444444444444340e+00
1.479999999999999982e+00
1.605277777777777803e+00
1.605277777777777803e+00
1.606111111111111045e+00
1.738055555555555465e+00
1.738055555555555465e+00
1.738888888888888928e+00
1.865277777777777812e+00
1.865277777777777812e+00
1.866111111111111054e+00
2.020277777777777839e+00
2.020277777777777839e+00
2.021388888888888680e+00
2.189722222222222126e+00
2.189722222222222126e+00
2.190555555555555589e+00
2.360555555555555518e+00
2.360555555555555518e+00
2.361944444444444624e+00
2.555833333333333179e+00
2.555833333333333179e+00
2.556666666666666643e+00
2.726111111111110930e+00
2.726111111111110930e+00
2.726944444444444393e+00
2.910277777777777963e+00
2.910277777777777963e+00
2.911111111111110983e+00
3.087222222222222090e+00
3.087222222222222090e+00
3.088333333333333375e+00
3.289722222222222214e+00
3.289722222222222214e+00
3.290833333333333499e+00
3.508333333333333304e+00
3.508333333333333304e+00
3.509722222222222410e+00
3.728611111111111320e+00
3.728611111111111320e+00
3.729444444444444340e+00
3.956944444444444375e+00
3.957222222222222197e+00
3.958055555555555660e+00
4.160000000000000142e+00
4.160000000000000142e+00
4.161111111111111427e+00
4.375555555555555642e+00
4.375555555555555642e+00
4.376388888888889106e+00
4.583611111111110858e+00
4.583611111111110858e+00
4.584722222222222143e+00
4.810277777777777430e+00
4.810277777777777430e+00
4.811388888888888715e+00
5.033888888888888857e+00
5.033888888888888857e+00
5.035000000000000142e+00
5.266944444444444429e+00
5.266944444444444429e+00
5.268055555555555713e+00
5.501944444444444748e+00
5.501944444444444748e+00
5.503333333333332966e+00
5.749444444444444358e+00
5.749444444444444358e+00
5.750555555555555642e+00
6.018888888888889177e+00
6.018888888888889177e+00
6.019999999999999574e+00
6.303611111111111498e+00
6.303611111111111498e+00
6.304722222222221895e+00
6.577499999999999680e+00
6.577499999999999680e+00
6.579166666666666607e+00
6.871388888888889213e+00
6.871388888888889213e+00
6.872777777777777430e+00
7.160000000000000142e+00
7.160000000000000142e+00
7.161388888888889248e+00
7.467500000000000249e+00
7.467500000000000249e+00
7.468888888888888467e+00
7.796944444444444677e+00
7.796944444444444677e+00
7.798611111111110716e+00
8.149444444444444713e+00
8.149444444444444713e+00
8.150833333333332931e+00
8.498055555555556140e+00
8.498055555555556140e+00
8.499722222222223067e+00
8.862777777777777644e+00
8.862777777777777644e+00
8.864722222222221504e+00
9.261944444444443647e+00
9.261944444444443647e+00
9.263888888888889284e+00
9.672222222222222499e+00
9.672222222222222499e+00
9.673611111111110716e+00
1.007027777777777722e+01
1.007027777777777722e+01
1.007166666666666721e+01
1.047194444444444450e+01
1.047194444444444450e+01
1.047416666666666707e+01
1.088305555555555593e+01
1.088305555555555593e+01
1.088583333333333414e+01
1.128333333333333321e+01
1.128333333333333321e+01
1.128555555555555578e+01
1.167111111111111121e+01
1.167111111111111121e+01
1.167305555555555507e+01
1.204916666666666636e+01
1.204916666666666636e+01
1.205083333333333329e+01
1.240305555555555550e+01
1.240305555555555550e+01
1.240472222222222243e+01
1.276916666666666700e+01
1.276916666666666700e+01
1.277111111111111086e+01
1.311527777777777715e+01
1.311527777777777715e+01
1.311722222222222278e+01
1.344555555555555593e+01
1.344555555555555593e+01
1.344777777777777850e+01
1.378166666666666629e+01
1.378166666666666629e+01
1.378361111111111192e+01
1.411305555555555635e+01
1.411305555555555635e+01
1.411500000000000021e+01
1.440083333333333293e+01
1.440083333333333293e+01
1.440277777777777857e+01
1.469555555555555593e+01
1.469555555555555593e+01
1.469722222222222285e+01
1.502305555555555472e+01
1.502305555555555472e+01
1.502527777777777729e+01
1.537861111111111079e+01
1.537861111111111079e+01
1.538083333333333336e+01
1.572555555555555529e+01
1.572555555555555529e+01
1.572749999999999915e+01
1.604416666666666558e+01
1.604416666666666558e+01
1.604611111111110944e+01
1.636583333333333456e+01
1.636583333333333456e+01
1.636805555555555713e+01
1.667027777777777686e+01
1.667027777777777686e+01
1.667249999999999943e+01
1.699416666666666842e+01
1.699416666666666842e+01
1.699638888888888744e+01
1.731666666666666643e+01
1.731666666666666643e+01
1.731888888888888900e+01
1.759638888888888886e+01
1.759638888888888886e+01
1.759833333333333272e+01
1.788472222222222285e+01
1.788472222222222285e+01
1.788666666666666671e+01
1.816972222222222300e+01
1.816972222222222300e+01
1.817194444444444557e+01
1.848999999999999844e+01
1.848999999999999844e+01
1.849194444444444585e+01
1.877972222222222243e+01
1.877972222222222243e+01
1.878194444444444500e+01
1.904444444444444429e+01
1.904444444444444429e+01
1.904638888888888815e+01
1.929722222222222072e+01
1.929722222222222072e+01
1.929916666666666814e+01
1.956527777777777644e+01
1.956527777777777644e+01
1.956749999999999901e+01
1.985222222222222399e+01
1.985222222222222399e+01
1.985444444444444301e+01
2.013083333333333158e+01
2.013083333333333158e+01
2.013305555555555415e+01
2.039833333333333343e+01
2.039833333333333343e+01
2.040055555555555600e+01
2.066333333333333400e+01
2.066333333333333400e+01
2.066555555555555657e+01
2.093305555555555486e+01
2.093305555555555486e+01
2.093527777777777743e+01
2.119916666666666671e+01
2.119916666666666671e+01
2.120111111111111057e+01
2.146972222222222371e+01
2.146972222222222371e+01
2.147222222222222143e+01
2.176000000000000156e+01
2.176000000000000156e+01
2.176249999999999929e+01
2.205583333333333229e+01
2.205583333333333229e+01
2.205861111111111228e+01
2.231861111111111029e+01
2.231861111111111029e+01
2.232083333333333286e+01
2.263305555555555415e+01
2.263305555555555415e+01
2.263638888888888800e+01
2.292249999999999943e+01
2.292249999999999943e+01
2.292500000000000071e+01
2.319750000000000156e+01
2.319750000000000156e+01
2.319972222222222058e+01
2.346333333333333471e+01
2.346333333333333471e+01
2.346555555555555728e+01
2.372416666666666529e+01
2.372416666666666529e+01
2.372638888888888786e+01
2.400388888888888772e+01
2.400388888888888772e+01
2.400611111111111029e+01
2.427555555555555600e+01
2.427555555555555600e+01
2.427805555555555728e+01
2.452222222222222214e+01
2.452222222222222214e+01
2.452499999999999858e+01
2.476833333333333442e+01
2.476861111111110958e+01
2.477111111111111086e+01
2.500805555555555415e+01
2.500805555555555415e+01
2.501055555555555543e+01
2.524083333333333456e+01
2.524083333333333456e+01
2.524305555555555713e+01
2.548361111111110944e+01
2.548361111111110944e+01
2.548611111111111072e+01
2.575777777777777899e+01
2.575777777777777899e+01
2.576055555555555543e+01
2.603444444444444272e+01
2.603444444444444272e+01
2.603444444444444272e+01
2.603722222222222271e+01
2.623805555555555458e+01
